100
47 64
47004 47025 47028 47032 47036 47061 47098 47107 47135 47141 47146 47186 47196 47214 47220 47255 47264 47266 47270 47301 47317 47325 47350 47357 47364 47379 47388 47419 47469 47474 47477 47478 47492 47510 47514 47515 47523 47530 47534 47535 47547 47575 47582 47603 47613 47616 47627 47649 47681 47682 47714 47725 47750 47763 47818 47832 47838 47875 47877 47904 47908 47931 47943 47959
84 61
84007 84020 84031 84033 84063 84116 84118 84132 84150 84168 84177 84181 84186 84201 84243 84252 84327 84344 84361 84374 84392 84406 84433 84462 84470 84474 84481 84523 84595 84618 84624 84632 84645 84657 84659 84662 84667 84668 84672 84684 84740 84744 84765 84779 84781 84792 84798 84812 84826 84828 84843 84869 84871 84887 84892 84896 84910 84919 84927 84936 84979
2 61
2022 2023 2035 2039 2045 2060 2061 2095 2100 2134 2161 2174 2181 2212 2222 2223 2227 2233 2253 2277 2283 2284 2306 2317 2328 2339 2341 2378 2402 2422 2428 2434 2448 2516 2539 2551 2554 2561 2590 2620 2624 2643 2665 2671 2672 2675 2683 2736 2773 2785 2792 2855 2863 2867 2877 2894 2897 2911 2929 2930 2989
23 60
23001 23009 23015 23016 23022 23028 23041 23045 23053 23082 23090 23133 23156 23179 23184 23197 23199 23239 23253 23260 23272 23284 23288 23298 23305 23321 23345 23360 23400 23405 23414 23420 23426 23431 23433 23451 23455 23456 23486 23501 23524 23535 23558 23580 23597 23626 23644 23660 23667 23686 23727 23733 23753 23772 23800 23802 23893 23932 23961 23963
1 60
1005 1026 1030 1037 1043 1052 1082 1118 1171 1174 1180 1181 1184 1197 1201 1234 1241 1244 1284 1345 1368 1373 1376 1379 1382 1388 1393 1417 1423 1472 1488 1496 1500 1509 1518 1520 1522 1530 1546 1569 1606 1627 1647 1654 1656 1674 1704 1712 1720 1749 1770 1781 1785 1823 1859 1887 1893 1898 1922 1971
9 60
9016 9018 9019 9031 9055 9074 9077 9089 9095 9100 9102 9116 9126 9145 9177 9188 9198 9207 9211 9213 9305 9315 9337 9362 9363 9370 9385 9386 9391 9393 9414 9417 9425 9453 9483 9486 9497 9503 9559 9577 9587 9613 9625 9660 9729 9748 9751 9758 9761 9766 9788 9797 9840 9857 9865 9897 9902 9927 9929 9944
13 59
13019 13036 13044 13054 13061 13071 13077 13078 13098 13108 13121 13124 13161 13220 13230 13241 13274 13280 13292 13333 13336 13345 13357 13363 13367 13374 13393 13409 13413 13418 13422 13434 13447 13462 13463 13469 13483 13497 13520 13525 13531 13533 13549 13569 13584 13615 13644 13706 13731 13732 13780 13797 13812 13836 13837 13898 13899 13937 13964
17 59
17007 17009 17022 17043 17073 17158 17198 17246 17270 17271 17285 17289 17296 17303 17317 17340 17342 17345 17350 17362 17377 17379 17394 17396 17404 17406 17410 17443 17444 17456 17468 17511 17545 17554 17575 17593 17604 17609 17665 17667 17677 17680 17705 17721 17743 17748 17752 17760 17798 17799 17821 17860 17863 17885 17896 17897 17913 17931 17965
45 58
45025 45049 45051 45061 45066 45087 45113 45150 45172 45191 45195 45200 45207 45211 45230 45241 45253 45258 45261 45262 45277 45289 45292 45294 45303 45338 45346 45410 45433 45442 45454 45467 45496 45504 45519 45522 45526 45559 45567 45572 45581 45594 45606 45611 45637 45643 45674 45706 45716 45739 45754 45768 45790 45841 45842 45901 45928 45955
67 58
67005 67010 67026 67053 67058 67070 67126 67154 67167 67179 67206 67223 67250 67255 67284 67291 67298 67316 67320 67346 67378 67383 67405 67422 67427 67433 67434 67451 67456 67461 67463 67466 67522 67585 67609 67639 67669 67680 67697 67725 67755 67773 67805 67809 67827 67830 67848 67862 67876 67880 67918 67924 67934 67938 67943 67948 67974 67975
5 57
5012 5042 5046 5060 5067 5107 5113 5124 5145 5194 5200 5207 5245 5248 5249 5302 5326 5342 5345 5346 5354 5381 5385 5398 5400 5411 5429 5460 5474 5476 5523 5533 5552 5553 5573 5604 5631 5635 5640 5668 5690 5743 5757 5774 5778 5792 5799 5803 5836 5876 5882 5887 5945 5947 5954 5966 5971
6 57
6000 6020 6032 6042 6055 6063 6067 6087 6109 6141 6142 6147 6152 6167 6193 6200 6224 6244 6248 6270 6285 6293 6297 6417 6418 6420 6440 6501 6509 6520 6525 6544 6567 6577 6594 6615 6682 6693 6698 6710 6739 6746 6766 6778 6779 6794 6796 6809 6816 6844 6857 6871 6898 6909 6935 6936 6953
53 57
53018 53024 53036 53039 53044 53045 53049 53063 53074 53101 53114 53118 53120 53124 53144 53152 53156 53160 53192 53220 53233 53247 53250 53279 53287 53333 53361 53391 53400 53446 53459 53506 53518 53524 53546 53548 53613 53627 53628 53646 53647 53662 53668 53684 53724 53735 53764 53807 53808 53828 53866 53872 53902 53923 53963 53969 53978
48 56
48025 48058 48071 48144 48154 48167 48172 48188 48191 48202 48204 48221 48222 48223 48234 48264 48270 48290 48292 48312 48316 48379 48386 48422 48436 48448 48458 48463 48465 48506 48509 48528 48536 48549 48561 48568 48583 48589 48602 48613 48638 48667 48693 48727 48752 48758 48796 48815 48823 48834 48858 48877 48894 48903 48905 48933
26 56
26004 26054 26093 26109 26125 26141 26166 26171 26175 26177 26223 26256 26289 26325 26329 26336 26343 26346 26359 26373 26387 26398 26436 26461 26478 26495 26508 26509 26511 26514 26536 26548 26560 26566 26568 26573 26618 26622 26636 26649 26653 26689 26690 26712 26723 26730 26762 26767 26779 26845 26862 26867 26896 26918 26924 26958
68 56
68029 68057 68077 68096 68101 68112 68117 68124 68131 68160 68162 68171 68214 68259 68267 68282 68297 68301 68307 68319 68325 68329 68335 68339 68383 68399 68424 68444 68458 68467 68485 68492 68493 68512 68526 68566 68572 68607 68632 68641 68642 68666 68685 68687 68713 68716 68797 68808 68816 68826 68907 68911 68915 68942 68951 68956
34 55
34007 34014 34026 34076 34144 34153 34181 34192 34228 34242 34277 34285 34289 34300 34330 34347 34348 34367 34377 34387 34401 34414 34434 34456 34468 34469 34545 34573 34592 34605 34609 34620 34636 34639 34642 34660 34711 34734 34739 34745 34769 34770 34775 34793 34805 34835 34881 34910 34919 34928 34931 34934 34947 34977 34980
12 54
12013 12029 12034 12049 12056 12063 12077 12081 12088 12109 12142 12145 12146 12150 12155 12156 12166 12170 12199 12251 12272 12273 12297 12336 12359 12376 12383 12388 12421 12422 12487 12503 12529 12534 12539 12557 12577 12599 12616 12639 12702 12768 12803 12808 12842 12847 12849 12866 12905 12907 12945 12953 12954 12958
69 54
69007 69008 69035 69083 69192 69196 69240 69243 69260 69262 69270 69280 69284 69291 69336 69340 69359 69410 69414 69443 69466 69482 69516 69518 69522 69526 69540 69544 69545 69589 69593 69625 69634 69639 69649 69656 69658 69681 69683 69693 69697 69699 69700 69732 69734 69739 69744 69789 69794 69852 69872 69876 69881 69936
96 53
96023 96027 96041 96043 96045 96058 96067 96082 96124 96177 96186 96205 96218 96250 96256 96267 96269 96276 96294 96306 96376 96399 96422 96423 96428 96437 96451 96487 96491 96497 96498 96524 96544 96622 96627 96641 96664 96687 96692 96708 96711 96747 96759 96820 96848 96865 96869 96901 96911 96913 96943 96951 96953
99 53
99005 99012 99025 99029 99055 99091 99105 99109 99117 99139 99159 99184 99210 99215 99216 99218 99225 99233 99236 99253 99259 99280 99306 99345 99383 99396 99472 99475 99495 99538 99547 99554 99579 99590 99601 99620 99631 99639 99666 99672 99710 99737 99760 99809 99815 99818 99819 99831 99833 99877 99897 99934 99963
73 53
73027 73056 73087 73114 73117 73133 73170 73173 73186 73192 73193 73235 73237 73241 73244 73284 73332 73342 73366 73377 73378 73379 73436 73457 73459 73477 73513 73518 73519 73529 73536 73538 73559 73572 73594 73620 73651 73652 73656 73659 73744 73775 73783 73814 73815 73832 73838 73839 73860 73928 73935 73971 73976
78 53
78037 78042 78056 78058 78066 78068 78078 78088 78110 78111 78131 78132 78148 78196 78207 78212 78244 78265 78275 78288 78296 78299 78307 78324 78328 78359 78363 78366 78436 78442 78446 78460 78472 78498 78508 78511 78532 78534 78594 78620 78668 78674 78696 78709 78721 78733 78771 78824 78828 78848 78874 78882 78891
79 53
79033 79067 79073 79087 79099 79102 79126 79130 79139 79209 79233 79242 79282 79295 79299 79325 79326 79342 79349 79365 79379 79405 79421 79429 79479 79506 79534 79546 79587 79595 79600 79610 79637 79663 79677 79686 79691 79718 79735 79740 79757 79761 79768 79786 79818 79887 79891 79905 79913 79920 79930 79935 79968
32 52
32010 32016 32058 32062 32069 32109 32167 32192 32215 32218 32253 32264 32300 32322 32329 32353 32366 32369 32370 32373 32376 32390 32391 32409 32412 32467 32472 32481 32489 32491 32496 32524 32544 32570 32583 32649 32684 32720 32750 32773 32785 32797 32817 32822 32829 32855 32856 32864 32904 32922 32929 32938
46 52
46012 46032 46050 46056 46078 46084 46100 46137 46154 46157 46158 46178 46205 46210 46213 46224 46231 46245 46278 46288 46308 46312 46324 46349 46354 46403 46418 46419 46429 46432 46435 46439 46464 46482 46485 46550 46551 46570 46592 46619 46627 46658 46690 46802 46852 46855 46856 46864 46899 46900 46935 46955
39 52
39013 39020 39029 39038 39046 39048 39057 39069 39073 39074 39100 39125 39142 39198 39211 39219 39235 39263 39271 39296 39330 39336 39342 39345 39381 39402 39419 39488 39545 39550 39568 39574 39576 39585 39597 39634 39637 39643 39672 39691 39692 39752 39786 39787 39810 39811 39814 39826 39831 39854 39867 39929
25 52
25002 25037 25041 25062 25073 25088 25153 25169 25189 25234 25238 25287 25306 25311 25313 25316 25318 25321 25322 25333 25338 25350 25358 25378 25403 25426 25429 25441 25460 25497 25528 25531 25572 25580 25601 25602 25608 25616 25657 25715 25717 25718 25733 25746 25749 25770 25778 25826 25864 25867 25883 25918
88 52
88005 88022 88031 88036 88044 88050 88051 88081 88085 88093 88107 88110 88124 88158 88161 88174 88177 88186 88231 88263 88269 88290 88314 88388 88432 88452 88544 88547 88560 88564 88581 88620 88624 88640 88658 88668 88675 88683 88695 88707 88714 88739 88743 88753 88765 88769 88830 88834 88857 88875 88940 88954
61 52
61001 61004 61019 61023 61050 61104 61139 61150 61151 61172 61177 61180 61266 61272 61278 61282 61299 61330 61344 61351 61359 61370 61400 61435 61450 61466 61476 61521 61523 61563 61577 61580 61583 61609 61621 61630 61640 61699 61710 61742 61780 61791 61819 61832 61858 61861 61875 61901 61921 61929 61934 61953
59 51
59033 59047 59059 59090 59099 59107 59136 59137 59153 59172 59177 59208 59214 59230 59236 59290 59329 59332 59334 59342 59375 59414 59436 59466 59469 59475 59489 59492 59504 59514 59555 59570 59575 59587 59599 59617 59677 59710 59727 59756 59782 59786 59790 59799 59812 59815 59835 59847 59878 59918 59929
50 51
50003 50024 50079 50087 50089 50114 50143 50150 50151 50164 50169 50178 50284 50297 50328 50335 50339 50359 50374 50376 50465 50488 50504 50520 50526 50529 50530 50545 50561 50583 50585 50616 50631 50669 50681 50697 50702 50721 50733 50753 50798 50805 50816 50819 50825 50833 50861 50880 50910 50928 50943
98 51
98012 98017 98061 98066 98109 98135 98141 98149 98198 98230 98248 98250 98263 98287 98293 98327 98360 98364 98379 98385 98390 98411 98452 98483 98511 98544 98579 98652 98659 98665 98714 98724 98729 98737 98739 98742 98746 98747 98754 98760 98773 98777 98790 98791 98813 98834 98864 98870 98876 98913 98916
40 51
40032 40063 40070 40091 40100 40107 40158 40161 40171 40204 40228 40256 40272 40286 40334 40336 40351 40355 40362 40375 40414 40431 40451 40456 40470 40493 40548 40590 40604 40629 40643 40647 40697 40724 40734 40755 40761 40775 40787 40804 40840 40841 40851 40865 40867 40871 40901 40914 40928 40935 40953
52 50
52039 52091 52131 52157 52168 52169 52186 52213 52214 52234 52265 52347 52370 52371 52398 52408 52438 52472 52474 52490 52495 52499 52519 52527 52539 52558 52579 52586 52595 52608 52614 52628 52636 52642 52677 52688 52698 52706 52708 52736 52737 52739 52746 52778 52817 52822 52847 52857 52903 52955
71 50
71007 71010 71068 71071 71087 71149 71150 71152 71177 71186 71187 71213 71270 71310 71345 71365 71379 71384 71404 71419 71447 71481 71488 71489 71496 71522 71523 71553 71573 71604 71605 71626 71636 71640 71664 71724 71752 71783 71786 71793 71797 71803 71811 71812 71821 71838 71861 71898 71922 71927
94 50
94041 94044 94062 94068 94075 94096 94100 94125 94129 94147 94169 94180 94206 94218 94271 94281 94305 94411 94436 94448 94461 94471 94527 94530 94536 94566 94580 94584 94586 94599 94605 94607 94640 94710 94723 94731 94737 94749 94750 94754 94772 94791 94795 94801 94807 94874 94903 94914 94936 94943
64 50
64021 64034 64048 64055 64059 64076 64096 64116 64143 64150 64203 64204 64224 64240 64252 64255 64292 64301 64345 64353 64382 64388 64396 64414 64459 64471 64513 64551 64554 64566 64569 64575 64587 64611 64627 64641 64643 64672 64696 64702 64734 64745 64778 64795 64803 64805 64824 64858 64867 64874
89 50
89014 89028 89051 89065 89074 89102 89129 89133 89139 89154 89188 89191 89200 89213 89240 89252 89260 89262 89281 89299 89302 89331 89385 89411 89429 89433 89465 89530 89540 89552 89572 89574 89597 89645 89654 89686 89703 89719 89722 89725 89736 89764 89767 89776 89790 89821 89860 89866 89941 89954
66 50
66007 66012 66059 66098 66115 66138 66158 66185 66217 66223 66237 66246 66262 66286 66307 66336 66340 66373 66394 66408 66450 66464 66478 66521 66523 66535 66555 66556 66572 66609 66611 66637 66650 66653 66726 66736 66740 66751 66762 66763 66770 66779 66816 66847 66861 66870 66885 66899 66916 66925
72 50
72016 72053 72079 72086 72118 72150 72175 72203 72224 72255 72324 72337 72339 72340 72359 72361 72372 72373 72380 72384 72387 72421 72436 72453 72487 72504 72509 72519 72540 72555 72594 72623 72659 72660 72713 72718 72743 72775 72786 72798 72799 72800 72848 72862 72873 72881 72899 72918 72931 72942
80 50
80012 80024 80036 80043 80077 80090 80112 80163 80219 80222 80231 80235 80257 80261 80270 80273 80280 80295 80330 80334 80368 80376 80410 80435 80452 80468 80470 80532 80544 80555 80589 80597 80614 80630 80650 80681 80704 80731 80771 80774 80806 80833 80843 80844 80848 80866 80910 80927 80930 80934
85 49
85024 85036 85038 85050 85063 85088 85092 85104 85125 85237 85244 85248 85253 85287 85300 85359 85360 85361 85379 85382 85399 85409 85436 85526 85540 85599 85608 85622 85644 85649 85685 85696 85700 85705 85737 85764 85765 85798 85817 85848 85853 85856 85892 85895 85898 85901 85917 85920 85929
16 49
16005 16029 16045 16076 16088 16168 16178 16181 16185 16197 16207 16229 16234 16238 16246 16280 16302 16349 16356 16361 16362 16395 16399 16424 16440 16468 16493 16505 16517 16532 16555 16575 16607 16615 16628 16640 16661 16672 16681 16699 16737 16741 16757 16759 16767 16782 16850 16863 16875
95 49
95022 95026 95049 95068 95071 95083 95094 95098 95100 95119 95121 95127 95144 95166 95177 95200 95216 95229 95247 95300 95303 95410 95427 95428 95461 95473 95476 95492 95494 95511 95544 95554 95571 95648 95658 95679 95686 95699 95701 95732 95738 95763 95778 95787 95811 95842 95862 95891 95930
37 48
37001 37006 37007 37040 37114 37129 37136 37152 37160 37185 37186 37198 37204 37211 37220 37268 37303 37363 37382 37435 37448 37465 37479 37520 37526 37550 37553 37557 37583 37584 37637 37643 37670 37678 37694 37705 37721 37741 37794 37808 37863 37896 37901 37906 37908 37918 37923 37926
3 48
3000 3022 3058 3117 3121 3140 3169 3176 3184 3187 3206 3227 3239 3249 3277 3307 3319 3322 3330 3331 3334 3338 3364 3376 3381 3391 3407 3447 3453 3460 3539 3583 3594 3616 3617 3620 3634 3692 3695 3719 3740 3741 3757 3792 3805 3829 3854 3878
57 48
57013 57090 57106 57132 57133 57159 57184 57193 57204 57205 57206 57219 57229 57275 57286 57297 57342 57347 57362 57365 57366 57394 57399 57417 57421 57428 57470 57484 57517 57532 57535 57536 57575 57603 57608 57656 57690 57698 57730 57789 57806 57844 57849 57866 57877 57882 57914 57930
43 48
43013 43018 43026 43048 43065 43096 43101 43172 43179 43195 43212 43268 43269 43287 43370 43398 43410 43421 43439 43498 43514 43518 43523 43531 43545 43582 43612 43621 43626 43668 43670 43677 43678 43684 43741 43763 43777 43779 43781 43832 43836 43837 43845 43894 43900 43920 43930 43934
62 48
62004 62017 62023 62045 62076 62121 62125 62177 62181 62183 62184 62209 62211 62222 62226 62227 62319 62321 62335 62338 62391 62393 62404 62463 62473 62505 62561 62562 62576 62588 62597 62634 62644 62651 62692 62695 62699 62706 62734 62780 62802 62821 62829 62850 62897 62908 62915 62939
70 48
70009 70013 70019 70023 70028 70048 70066 70100 70124 70144 70161 70184 70242 70258 70261 70269 70317 70333 70341 70347 70352 70404 70445 70448 70491 70493 70517 70529 70541 70627 70637 70670 70674 70681 70706 70707 70715 70750 70789 70790 70800 70801 70819 70822 70830 70852 70916 70926
60 48
60010 60027 60090 60109 60119 60120 60123 60131 60173 60177 60180 60187 60191 60195 60220 60234 60250 60255 60256 60268 60273 60274 60282 60302 60307 60310 60314 60340 60372 60391 60408 60438 60441 60521 60529 60559 60569 60579 60584 60642 60649 60681 60726 60746 60756 60784 60816 60818
49 47
49005 49020 49027 49030 49038 49056 49076 49109 49114 49131 49151 49152 49178 49188 49231 49258 49314 49319 49366 49409 49418 49480 49504 49509 49519 49535 49543 49545 49617 49619 49620 49633 49639 49651 49660 49661 49668 49673 49706 49729 49757 49760 49768 49782 49887 49889 49924
35 47
35010 35050 35052 35054 35085 35095 35104 35105 35150 35156 35163 35172 35197 35239 35261 35274 35294 35300 35408 35414 35421 35435 35441 35447 35485 35499 35513 35515 35543 35593 35594 35600 35604 35615 35673 35709 35723 35751 35756 35800 35814 35836 35846 35864 35881 35897 35918
82 47
82075 82078 82096 82106 82153 82198 82212 82220 82248 82275 82286 82338 82387 82392 82395 82396 82407 82420 82429 82444 82449 82485 82493 82503 82513 82519 82531 82549 82551 82589 82601 82637 82663 82681 82707 82716 82717 82734 82752 82789 82794 82801 82811 82869 82896 82927 82939
11 47
11020 11022 11043 11048 11064 11080 11093 11094 11110 11130 11135 11149 11154 11180 11196 11212 11229 11253 11268 11280 11286 11289 11307 11313 11322 11328 11360 11395 11414 11419 11430 11498 11604 11695 11702 11747 11806 11839 11849 11872 11877 11908 11911 11913 11931 11932 11938
91 47
91002 91042 91107 91109 91116 91123 91167 91170 91196 91206 91218 91241 91274 91310 91313 91315 91322 91346 91348 91366 91421 91435 91436 91477 91486 91529 91534 91576 91577 91582 91585 91602 91638 91680 91682 91696 91702 91707 91724 91740 91776 91789 91800 91807 91846 91909 91928
19 46
19001 19010 19024 19048 19065 19092 19103 19124 19173 19198 19235 19267 19278 19281 19282 19292 19295 19338 19345 19366 19383 19385 19459 19465 19480 19483 19511 19554 19556 19572 19589 19626 19650 19690 19692 19702 19704 19718 19738 19782 19813 19821 19824 19849 19854 19901
7 46
7048 7141 7150 7160 7161 7202 7229 7230 7234 7244 7299 7303 7304 7305 7325 7330 7342 7422 7438 7461 7473 7485 7492 7502 7540 7542 7573 7581 7601 7608 7616 7633 7636 7646 7649 7670 7718 7741 7752 7755 7760 7830 7831 7856 7870 7905
0 46
43 84 123 139 169 198 217 231 247 266 321 333 339 397 399 400 402 409 433 455 479 501 556 571 601 603 608 629 638 664 670 683 690 706 717 722 742 743 775 789 795 812 827 832 873 903
29 46
29026 29039 29041 29045 29096 29130 29147 29150 29161 29174 29202 29211 29251 29291 29337 29361 29399 29404 29409 29420 29435 29467 29476 29509 29511 29512 29527 29540 29564 29574 29576 29596 29616 29621 29637 29640 29645 29672 29688 29792 29805 29807 29842 29890 29906 29923
36 45
36002 36043 36047 36050 36062 36064 36070 36085 36086 36211 36229 36248 36320 36353 36368 36411 36441 36452 36454 36457 36470 36494 36516 36565 36576 36594 36602 36614 36616 36638 36650 36659 36699 36707 36722 36778 36789 36791 36809 36836 36844 36860 36864 36879 36886
38 45
38024 38029 38037 38054 38073 38082 38091 38135 38144 38154 38169 38185 38205 38214 38216 38226 38264 38362 38365 38389 38391 38403 38412 38489 38499 38551 38552 38553 38555 38569 38575 38616 38632 38645 38651 38653 38664 38693 38720 38748 38802 38822 38836 38843 38853
27 44
27007 27023 27041 27061 27097 27108 27142 27152 27164 27168 27198 27211 27228 27264 27273 27276 27290 27293 27349 27365 27387 27402 27437 27445 27453 27466 27472 27474 27478 27522 27530 27621 27628 27659 27665 27677 27728 27740 27752 27771 27776 27881 27909 27934
86 44
86031 86044 86050 86080 86084 86109 86128 86176 86191 86194 86214 86234 86238 86239 86245 86284 86290 86295 86307 86330 86343 86378 86387 86388 86400 86459 86460 86500 86508 86524 86596 86645 86647 86695 86751 86758 86784 86821 86832 86858 86871 86884 86885 86920
21 44
21003 21022 21052 21057 21069 21112 21146 21214 21245 21249 21261 21272 21283 21302 21305 21331 21352 21358 21375 21389 21398 21408 21425 21483 21499 21524 21526 21541 21609 21619 21715 21764 21775 21782 21797 21802 21805 21812 21819 21827 21849 21850 21867 21916
83 44
83040 83043 83056 83074 83077 83103 83114 83146 83163 83178 83179 83187 83200 83252 83258 83291 83340 83380 83399 83413 83439 83465 83477 83517 83536 83583 83647 83662 83703 83709 83711 83713 83715 83736 83737 83739 83748 83749 83804 83817 83862 83878 83890 83911
92 43
92006 92029 92112 92152 92156 92173 92209 92215 92216 92234 92269 92281 92286 92315 92357 92368 92370 92400 92419 92436 92438 92456 92464 92479 92487 92510 92514 92530 92544 92614 92630 92671 92686 92701 92704 92736 92754 92799 92804 92843 92864 92877 92909
22 42
22018 22046 22051 22068 22080 22097 22127 22135 22141 22142 22143 22155 22180 22186 22221 22229 22236 22284 22327 22330 22350 22365 22371 22376 22420 22423 22439 22454 22509 22519 22532 22555 22564 22624 22648 22732 22757 22781 22865 22867 22881 22921
14 42
14012 14059 14078 14083 14090 14123 14138 14173 14177 14255 14279 14280 14304 14346 14372 14378 14380 14433 14435 14476 14491 14512 14515 14520 14522 14583 14590 14648 14653 14659 14684 14685 14769 14781 14832 14869 14882 14889 14895 14906 14913 14917
75 41
75060 75101 75176 75180 75204 75220 75307 75327 75328 75340 75353 75355 75388 75389 75407 75500 75506 75507 75509 75573 75620 75623 75643 75662 75665 75680 75691 75729 75750 75776 75777 75779 75786 75787 75794 75825 75830 75843 75844 75849 75915
10 41
10036 10053 10063 10126 10130 10161 10179 10256 10273 10302 10316 10324 10352 10362 10369 10387 10423 10439 10445 10478 10483 10491 10520 10566 10589 10600 10682 10690 10705 10710 10747 10766 10767 10770 10792 10794 10825 10835 10838 10870 10879
28 41
28026 28030 28054 28079 28090 28129 28153 28194 28225 28237 28276 28286 28294 28315 28329 28346 28377 28403 28425 28431 28434 28436 28442 28455 28459 28504 28526 28564 28581 28604 28635 28680 28685 28759 28774 28781 28796 28828 28843 28846 28874
18 41
18009 18011 18017 18050 18065 18087 18089 18114 18127 18161 18166 18219 18241 18245 18285 18287 18306 18316 18341 18387 18389 18409 18418 18454 18529 18559 18589 18597 18650 18684 18713 18723 18729 18800 18813 18831 18844 18865 18871 18884 18904
81 40
81003 81018 81066 81092 81107 81143 81215 81216 81247 81261 81274 81277 81307 81310 81329 81349 81371 81375 81407 81417 81445 81449 81500 81504 81519 81528 81586 81593 81608 81664 81668 81695 81699 81753 81794 81846 81847 81855 81857 81905
77 40
77001 77005 77085 77112 77113 77118 77132 77147 77188 77196 77227 77235 77275 77282 77314 77318 77330 77361 77375 77417 77452 77487 77488 77540 77603 77639 77640 77642 77646 77702 77705 77714 77737 77764 77792 77795 77863 77875 77895 77913
51 40
51028 51091 51095 51122 51134 51150 51156 51189 51196 51212 51235 51279 51285 51291 51306 51312 51322 51327 51354 51379 51398 51489 51499 51506 51521 51563 51586 51599 51611 51661 51693 51721 51738 51743 51749 51779 51785 51816 51835 51870
63 40
63056 63065 63077 63079 63082 63103 63134 63153 63186 63193 63234 63264 63307 63416 63419 63429 63441 63457 63495 63512 63525 63550 63579 63596 63616 63622 63630 63668 63679 63747 63754 63761 63763 63797 63814 63835 63878 63890 63897 63906
97 39
97028 97066 97069 97141 97178 97196 97202 97210 97221 97232 97241 97246 97249 97314 97318 97374 97392 97405 97406 97447 97448 97480 97483 97485 97514 97537 97572 97588 97604 97650 97673 97674 97676 97739 97785 97801 97809 97858 97886
31 39
31026 31031 31052 31084 31103 31108 31114 31120 31132 31136 31140 31157 31173 31176 31220 31222 31236 31267 31269 31335 31423 31428 31486 31491 31492 31506 31599 31641 31652 31666 31667 31674 31711 31763 31766 31856 31873 31887 31905
54 39
54054 54061 54066 54119 54139 54151 54211 54215 54236 54240 54294 54298 54314 54337 54348 54372 54410 54411 54430 54452 54456 54497 54515 54529 54645 54650 54670 54680 54705 54730 54732 54734 54786 54810 54827 54867 54868 54881 54890
15 39
15006 15012 15025 15029 15045 15054 15063 15100 15103 15130 15131 15154 15164 15238 15263 15278 15291 15331 15335 15337 15360 15420 15425 15430 15440 15451 15456 15477 15505 15517 15562 15578 15582 15659 15715 15733 15841 15843 15868
76 38
76019 76059 76080 76139 76164 76172 76201 76207 76212 76289 76298 76344 76345 76347 76348 76380 76405 76451 76469 76477 76511 76520 76543 76554 76556 76599 76602 76670 76678 76694 76706 76787 76806 76810 76811 76838 76874 76912
33 38
33001 33003 33008 33033 33060 33128 33133 33173 33181 33194 33208 33219 33236 33274 33302 33374 33377 33391 33418 33420 33480 33500 33541 33543 33613 33632 33633 33653 33687 33690 33764 33794 33810 33823 33827 33831 33875 33887
42 38
42004 42007 42101 42117 42127 42168 42205 42206 42257 42268 42303 42320 42321 42330 42352 42366 42371 42398 42429 42432 42437 42452 42469 42470 42504 42544 42577 42589 42605 42655 42722 42761 42774 42805 42807 42828 42868 42880
56 37
56015 56040 56066 56092 56108 56117 56118 56130 56254 56255 56270 56272 56284 56333 56338 56365 56390 56403 56423 56426 56427 56429 56445 56481 56497 56499 56543 56581 56596 56639 56680 56686 56732 56734 56823 56896 56901
74 37
74042 74065 74094 74114 74132 74140 74141 74165 74170 74185 74205 74209 74217 74222 74238 74291 74320 74345 74382 74462 74472 74500 74533 74547 74648 74682 74683 74706 74721 74733 74804 74806 74813 74817 74835 74890 74893
24 37
24006 24036 24040 24102 24109 24138 24143 24182 24221 24227 24250 24252 24258 24282 24297 24329 24330 24336 24337 24365 24368 24416 24434 24456 24459 24480 24540 24567 24636 24645 24677 24697 24789 24864 24869 24882 24887
4 36
4013 4048 4054 4078 4204 4221 4229 4249 4250 4258 4289 4332 4368 4386 4395 4414 4427 4443 4447 4459 4528 4542 4543 4560 4570 4579 4597 4612 4652 4658 4690 4717 4736 4762 4763 4767
87 36
87045 87067 87088 87162 87175 87206 87207 87212 87256 87268 87276 87318 87347 87349 87360 87382 87384 87421 87431 87462 87479 87503 87505 87514 87529 87553 87568 87590 87618 87653 87715 87731 87739 87759 87826 87852
30 36
30039 30098 30132 30141 30205 30211 30228 30269 30270 30272 30282 30319 30340 30410 30411 30430 30446 30454 30467 30478 30486 30602 30603 30615 30664 30669 30702 30727 30734 30781 30796 30820 30831 30836 30867 30884
93 35
93004 93143 93157 93161 93189 93201 93275 93341 93398 93457 93462 93465 93515 93523 93552 93556 93557 93587 93596 93603 93610 93635 93644 93652 93680 93682 93683 93719 93752 93777 93780 93787 93814 93852 93870
58 35
58011 58036 58058 58059 58085 58091 58117 58119 58138 58142 58184 58311 58338 58341 58382 58391 58437 58452 58455 58460 58471 58490 58515 58523 58558 58623 58648 58651 58654 58668 58686 58740 58783 58842 58847
20 35
20012 20022 20040 20048 20056 20115 20140 20190 20214 20248 20309 20331 20350 20385 20446 20449 20459 20555 20572 20582 20628 20652 20655 20665 20669 20689 20692 20721 20724 20730 20783 20788 20849 20868 20874
90 34
90046 90149 90169 90171 90180 90252 90260 90262 90280 90306 90325 90348 90359 90369 90430 90438 90457 90461 90478 90483 90514 90518 90548 90579 90641 90668 90671 90686 90715 90737 90784 90818 90826 90857
8 33
8003 8038 8041 8068 8104 8112 8164 8188 8195 8216 8233 8236 8273 8282 8294 8301 8310 8364 8417 8510 8535 8564 8567 8572 8592 8613 8646 8673 8688 8712 8717 8755 8841
55 33
55005 55006 55056 55083 55091 55142 55163 55177 55209 55232 55248 55264 55343 55364 55405 55423 55482 55502 55507 55509 55562 55608 55650 55651 55668 55681 55703 55708 55715 55739 55761 55766 55822
44 32
44019 44035 44057 44088 44141 44145 44153 44162 44194 44243 44261 44348 44356 44384 44420 44477 44484 44522 44525 44528 44614 44658 44688 44709 44724 44768 44780 44788 44834 44848 44849 44871
41 31
41037 41062 41076 41088 41116 41121 41239 41250 41278 41314 41323 41328 41332 41341 41346 41383 41428 41481 41504 41576 41615 41616 41627 41672 41679 41681 41716 41754 41825 41854 41865
65 31
65009 65055 65105 65127 65128 65147 65152 65158 65191 65214 65235 65239 65265 65314 65320 65343 65370 65431 65443 65452 65476 65483 65574 65590 65626 65679 65691 65800 65801 65855 65860