100
16 123
16000 16012 16015 16029 16040 16049 16055 16075 16084 16087 16091 16093 16121 16122 16147 16148 16154 16166 16167 16168 16195 16199 16202 16220 16222 16226 16230 16233 16235 16237 16250 16253 16262 16276 16283 16297 16318 16323 16333 16338 16339 16352 16353 16363 16369 16371 16377 16389 16401 16408 16431 16441 16449 16458 16466 16469 16474 16480 16481 16482 16488 16495 16510 16517 16524 16525 16535 16538 16542 16579 16583 16584 16589 16597 16598 16599 16613 16631 16643 16660 16683 16685 16687 16688 16702 16721 16722 16735 16738 16741 16748 16752 16753 16782 16798 16802 16806 16808 16809 16819 16826 16832 16833 16839 16850 16852 16867 16869 16893 16895 16897 16902 16913 16914 16915 16933 16943 16945 16946 16953 16954 16958 16964
25 119
25014 25015 25020 25029 25044 25068 25069 25075 25076 25078 25084 25086 25090 25092 25093 25094 25096 25110 25129 25130 25134 25149 25154 25157 25162 25165 25166 25172 25181 25190 25211 25216 25225 25245 25246 25261 25276 25290 25294 25302 25323 25327 25330 25346 25370 25374 25376 25379 25383 25389 25402 25408 25410 25413 25418 25430 25434 25445 25452 25454 25464 25468 25499 25500 25503 25505 25514 25515 25520 25524 25528 25541 25544 25546 25566 25568 25580 25586 25592 25604 25611 25617 25645 25656 25663 25671 25701 25706 25707 25711 25749 25756 25761 25762 25765 25767 25784 25791 25792 25796 25808 25825 25832 25833 25842 25846 25853 25859 25891 25897 25917 25920 25921 25940 25950 25951 25956 25963 25980
98 119
98008 98013 98014 98016 98035 98056 98067 98073 98080 98099 98106 98107 98115 98127 98132 98138 98139 98144 98149 98153 98161 98174 98175 98199 98200 98212 98230 98236 98249 98256 98257 98258 98260 98278 98302 98313 98315 98316 98324 98326 98351 98354 98363 98369 98378 98411 98415 98419 98420 98433 98437 98442 98448 98455 98457 98461 98486 98492 98495 98508 98526 98529 98532 98535 98549 98557 98569 98572 98578 98581 98583 98587 98593 98609 98619 98635 98638 98646 98651 98655 98666 98667 98682 98688 98690 98699 98716 98718 98719 98722 98726 98739 98744 98746 98761 98769 98781 98787 98815 98817 98820 98821 98833 98842 98846 98847 98852 98862 98863 98866 98880 98888 98895 98925 98927 98933 98965 98969 98971
93 113
93007 93010 93018 93022 93026 93034 93036 93052 93094 93095 93107 93111 93118 93122 93123 93127 93130 93146 93158 93164 93167 93175 93183 93201 93209 93216 93231 93232 93234 93240 93243 93265 93266 93278 93280 93293 93295 93334 93343 93355 93362 93364 93366 93386 93399 93411 93416 93419 93420 93423 93429 93450 93455 93469 93471 93475 93495 93499 93504 93527 93550 93562 93565 93566 93576 93578 93581 93590 93600 93612 93615 93616 93621 93623 93635 93636 93642 93643 93651 93668 93674 93690 93702 93719 93723 93733 93734 93740 93782 93801 93802 93804 93820 93823 93835 93836 93841 93842 93848 93856 93872 93881 93882 93891 93898 93910 93915 93920 93931 93939 93943 93954 93956
95 111
95023 95025 95033 95052 95061 95068 95073 95074 95079 95093 95105 95113 95119 95126 95164 95175 95178 95191 95194 95195 95198 95199 95205 95209 95213 95225 95228 95237 95238 95245 95248 95256 95266 95268 95273 95277 95281 95282 95291 95318 95336 95337 95353 95363 95365 95386 95388 95389 95397 95398 95405 95422 95441 95449 95454 95457 95469 95479 95499 95500 95524 95526 95537 95567 95569 95574 95588 95593 95622 95623 95632 95636 95661 95680 95681 95685 95703 95729 95736 95738 95752 95766 95772 95777 95783 95794 95795 95796 95809 95816 95829 95843 95848 95850 95854 95858 95872 95878 95886 95891 95894 95899 95925 95928 95931 95936 95945 95956 95964 95968 95971
55 110
55010 55027 55033 55042 55060 55063 55064 55080 55103 55118 55126 55144 55148 55151 55161 55169 55190 55205 55210 55212 55220 55221 55225 55227 55230 55238 55241 55247 55249 55259 55287 55290 55297 55300 55307 55310 55321 55323 55326 55334 55343 55347 55349 55350 55351 55362 55366 55382 55388 55391 55402 55406 55412 55417 55419 55423 55426 55434 55440 55445 55446 55466 55492 55495 55503 55505 55508 55521 55552 55555 55564 55565 55570 55588 55595 55603 55634 55639 55657 55662 55665 55671 55684 55691 55695 55697 55714 55716 55721 55733 55737 55741 55760 55772 55819 55824 55848 55852 55857 55890 55899 55903 55907 55920 55921 55927 55928 55949 55952 55956
48 109
48008 48012 48015 48025 48027 48032 48038 48046 48053 48057 48067 48095 48097 48110 48112 48115 48120 48127 48134 48139 48142 48153 48154 48156 48159 48172 48177 48179 48191 48194 48197 48202 48228 48238 48255 48256 48257 48267 48275 48279 48284 48298 48308 48330 48336 48337 48342 48386 48387 48393 48401 48405 48414 48428 48431 48438 48447 48450 48463 48465 48484 48490 48498 48503 48531 48542 48559 48596 48600 48601 48624 48628 48635 48687 48692 48696 48701 48702 48712 48719 48727 48734 48746 48767 48789 48806 48809 48810 48812 48813 48819 48820 48822 48847 48909 48917 48921 48924 48937 48941 48953 48955 48966 48968 48970 48974 48978 48985 48986
82 109
82003 82007 82016 82024 82025 82031 82036 82037 82040 82044 82049 82088 82100 82106 82112 82120 82132 82141 82143 82173 82177 82188 82189 82190 82201 82204 82220 82225 82230 82241 82248 82250 82253 82259 82262 82265 82285 82286 82288 82305 82311 82312 82315 82321 82347 82351 82354 82361 82362 82368 82369 82377 82391 82411 82412 82419 82428 82435 82441 82442 82443 82451 82472 82479 82485 82490 82507 82510 82532 82554 82588 82590 82611 82617 82623 82630 82642 82645 82649 82673 82678 82679 82687 82692 82699 82702 82709 82710 82726 82730 82764 82777 82781 82784 82787 82789 82801 82809 82830 82848 82853 82854 82855 82857 82865 82869 82901 82907 82914
49 108
49001 49006 49008 49010 49019 49022 49035 49037 49047 49048 49054 49067 49080 49095 49097 49112 49118 49119 49122 49138 49145 49160 49167 49191 49201 49203 49209 49214 49228 49234 49240 49251 49269 49273 49281 49296 49303 49305 49310 49327 49334 49338 49339 49341 49345 49360 49368 49373 49377 49382 49384 49385 49390 49395 49412 49416 49423 49424 49435 49437 49454 49464 49466 49476 49481 49498 49510 49553 49554 49566 49580 49581 49585 49589 49590 49594 49596 49600 49605 49612 49613 49616 49640 49646 49690 49692 49699 49706 49715 49726 49729 49756 49783 49794 49813 49840 49841 49842 49844 49869 49889 49904 49912 49924 49932 49938 49966 49970
47 108
47003 47006 47015 47016 47022 47036 47039 47041 47045 47048 47050 47066 47074 47077 47113 47124 47126 47128 47139 47149 47164 47167 47191 47192 47199 47215 47243 47248 47249 47255 47266 47274 47275 47290 47294 47299 47301 47319 47323 47329 47339 47346 47356 47358 47362 47371 47378 47402 47403 47414 47442 47453 47459 47460 47472 47474 47476 47477 47491 47496 47501 47504 47528 47534 47542 47560 47563 47565 47568 47575 47577 47579 47581 47583 47602 47611 47613 47620 47626 47637 47640 47644 47648 47650 47660 47662 47677 47696 47714 47730 47741 47743 47759 47778 47797 47802 47807 47831 47843 47847 47848 47863 47866 47889 47893 47922 47947 47969
81 108
81025 81029 81049 81050 81064 81068 81070 81078 81082 81088 81090 81100 81105 81112 81120 81142 81158 81165 81171 81174 81184 81185 81188 81197 81198 81231 81234 81246 81253 81265 81278 81285 81289 81292 81323 81330 81331 81336 81348 81354 81356 81361 81366 81370 81373 81376 81399 81418 81422 81425 81427 81434 81435 81438 81455 81458 81459 81467 81474 81475 81478 81483 81487 81488 81495 81496 81502 81536 81550 81552 81553 81565 81574 81579 81613 81620 81631 81646 81648 81650 81660 81665 81692 81696 81698 81717 81718 81733 81741 81744 81750 81763 81816 81827 81831 81832 81841 81846 81849 81855 81858 81859 81868 81882 81888 81905 81907 81953
83 107
83000 83002 83008 83011 83027 83036 83041 83047 83049 83053 83068 83073 83076 83077 83088 83104 83117 83133 83145 83150 83152 83191 83195 83211 83214 83256 83261 83264 83265 83281 83306 83308 83318 83330 83334 83352 83372 83378 83386 83396 83447 83452 83453 83461 83463 83488 83495 83498 83502 83504 83508 83512 83513 83519 83540 83542 83551 83554 83565 83588 83589 83590 83601 83611 83625 83633 83636 83642 83645 83652 83660 83667 83669 83670 83677 83689 83692 83706 83710 83732 83750 83761 83773 83775 83793 83812 83814 83819 83830 83831 83835 83842 83846 83861 83863 83865 83871 83888 83892 83895 83909 83921 83933 83936 83947 83966 83974
8 107
8022 8027 8037 8040 8041 8045 8051 8059 8061 8073 8102 8145 8150 8151 8159 8162 8164 8169 8174 8192 8195 8209 8221 8227 8228 8243 8251 8262 8266 8279 8300 8308 8315 8335 8343 8355 8356 8362 8381 8385 8401 8405 8412 8429 8460 8463 8470 8479 8480 8496 8498 8528 8529 8530 8532 8543 8545 8555 8558 8559 8563 8571 8582 8597 8598 8609 8618 8621 8637 8642 8659 8667 8674 8681 8682 8683 8688 8698 8699 8701 8711 8712 8725 8736 8755 8770 8772 8774 8777 8783 8793 8795 8805 8819 8835 8842 8851 8857 8865 8866 8869 8881 8883 8887 8927 8933 8947
59 107
59002 59003 59005 59007 59026 59031 59037 59048 59057 59062 59096 59099 59100 59109 59113 59119 59122 59123 59138 59142 59152 59172 59175 59182 59200 59208 59213 59226 59230 59248 59249 59262 59280 59291 59295 59319 59332 59336 59337 59345 59353 59366 59377 59385 59391 59392 59396 59400 59405 59417 59418 59436 59451 59456 59468 59473 59476 59494 59508 59515 59523 59526 59532 59538 59542 59547 59549 59556 59561 59568 59572 59574 59592 59598 59609 59610 59612 59636 59647 59653 59658 59675 59690 59691 59695 59745 59761 59778 59788 59789 59797 59809 59814 59829 59834 59841 59859 59863 59865 59882 59904 59913 59919 59920 59927 59953 59973
41 106
41007 41013 41017 41040 41044 41046 41065 41067 41081 41099 41111 41118 41120 41147 41154 41168 41175 41180 41187 41190 41196 41203 41240 41241 41247 41263 41266 41287 41299 41306 41318 41336 41337 41338 41345 41358 41362 41363 41371 41377 41381 41387 41388 41389 41407 41411 41414 41428 41430 41432 41435 41456 41460 41483 41486 41503 41506 41510 41525 41529 41565 41572 41579 41595 41599 41620 41624 41647 41652 41661 41673 41675 41692 41708 41713 41715 41731 41745 41748 41750 41755 41769 41777 41778 41785 41792 41795 41797 41824 41830 41833 41854 41870 41879 41888 41889 41901 41906 41907 41911 41926 41942 41944 41946 41957 41963
26 106
26000 26005 26010 26025 26026 26028 26041 26051 26052 26062 26067 26079 26107 26118 26119 26140 26142 26146 26167 26176 26178 26182 26188 26194 26197 26206 26208 26217 26222 26232 26273 26279 26289 26290 26304 26319 26327 26338 26343 26345 26351 26359 26388 26389 26391 26392 26393 26403 26427 26444 26445 26453 26478 26480 26491 26499 26511 26525 26527 26541 26544 26545 26553 26554 26579 26589 26595 26601 26607 26631 26639 26640 26655 26689 26692 26697 26707 26717 26718 26727 26730 26738 26741 26742 26747 26751 26761 26774 26775 26787 26796 26798 26825 26834 26841 26852 26858 26862 26870 26871 26905 26928 26939 26942 26946 26958
29 106
29001 29013 29030 29033 29037 29042 29050 29077 29081 29100 29121 29125 29134 29139 29140 29145 29147 29157 29168 29172 29188 29192 29196 29201 29210 29222 29236 29238 29247 29250 29251 29252 29254 29257 29279 29288 29304 29327 29344 29375 29377 29391 29420 29422 29437 29466 29480 29493 29516 29520 29534 29536 29552 29560 29562 29582 29583 29591 29612 29621 29631 29637 29661 29679 29683 29687 29692 29704 29707 29710 29712 29720 29737 29738 29749 29763 29770 29772 29778 29785 29788 29809 29818 29841 29843 29860 29861 29869 29875 29884 29893 29900 29903 29912 29920 29922 29925 29938 29941 29944 29947 29953 29955 29956 29963 29981
73 106
73008 73019 73030 73048 73052 73057 73063 73064 73073 73101 73105 73109 73118 73119 73123 73134 73135 73149 73170 73173 73178 73183 73185 73195 73198 73206 73213 73226 73254 73256 73261 73262 73273 73278 73287 73294 73301 73302 73324 73335 73338 73339 73345 73349 73351 73354 73367 73401 73405 73409 73410 73431 73440 73444 73453 73477 73483 73488 73516 73530 73535 73538 73542 73545 73547 73548 73554 73558 73562 73568 73571 73578 73607 73620 73649 73654 73665 73675 73690 73699 73718 73745 73754 73757 73778 73783 73786 73823 73829 73839 73855 73857 73869 73883 73889 73906 73908 73922 73942 73947 73965 73968 73971 73973 73975 73978
39 104
39012 39021 39036 39044 39054 39056 39060 39073 39078 39088 39100 39105 39132 39137 39138 39147 39154 39157 39159 39162 39190 39195 39208 39222 39228 39237 39240 39255 39262 39275 39278 39290 39294 39300 39310 39324 39347 39360 39367 39372 39375 39381 39390 39393 39395 39425 39437 39455 39472 39476 39486 39512 39516 39518 39519 39548 39573 39595 39596 39600 39610 39617 39632 39638 39666 39667 39676 39680 39691 39698 39701 39722 39731 39750 39753 39756 39763 39773 39779 39785 39801 39806 39807 39831 39841 39846 39854 39859 39865 39880 39881 39882 39895 39904 39905 39921 39922 39924 39930 39931 39932 39944 39956 39961
51 104
51014 51050 51065 51067 51080 51092 51095 51112 51113 51114 51116 51117 51124 51132 51136 51138 51143 51158 51176 51180 51189 51196 51199 51213 51231 51245 51255 51257 51265 51284 51293 51302 51304 51327 51332 51344 51350 51363 51375 51384 51390 51410 51414 51421 51425 51434 51440 51451 51459 51461 51486 51491 51493 51504 51506 51520 51528 51541 51544 51547 51548 51557 51558 51568 51571 51594 51595 51601 51604 51614 51629 51646 51651 51654 51655 51656 51681 51682 51685 51689 51708 51726 51731 51739 51744 51747 51763 51775 51776 51784 51814 51818 51825 51829 51836 51854 51863 51865 51866 51875 51876 51888 51923 51946
67 104
67003 67012 67019 67037 67041 67044 67051 67055 67056 67065 67069 67075 67100 67114 67128 67130 67135 67141 67150 67152 67158 67175 67187 67200 67201 67207 67209 67218 67252 67254 67278 67281 67284 67286 67289 67295 67305 67320 67327 67352 67355 67357 67381 67392 67398 67400 67402 67405 67423 67424 67436 67441 67449 67461 67471 67480 67485 67502 67528 67547 67554 67556 67558 67578 67596 67609 67636 67640 67645 67657 67660 67678 67685 67689 67699 67701 67707 67711 67713 67714 67722 67735 67737 67740 67744 67745 67750 67767 67768 67778 67788 67792 67793 67796 67804 67861 67870 67887 67899 67919 67936 67939 67962 67964
46 104
46013 46017 46032 46047 46054 46061 46076 46077 46095 46096 46111 46119 46139 46161 46175 46176 46179 46190 46208 46210 46214 46219 46235 46240 46256 46268 46275 46281 46285 46287 46290 46302 46308 46309 46317 46331 46334 46346 46349 46351 46390 46395 46398 46417 46432 46437 46450 46456 46466 46478 46485 46493 46494 46495 46514 46516 46531 46541 46547 46554 46560 46563 46565 46569 46579 46585 46586 46601 46603 46611 46620 46624 46632 46642 46652 46654 46660 46665 46671 46677 46710 46719 46744 46765 46778 46781 46797 46806 46821 46841 46845 46846 46856 46869 46879 46886 46898 46906 46909 46919 46930 46939 46953 46960
1 103
1002 1007 1011 1039 1047 1056 1099 1110 1115 1117 1137 1148 1156 1161 1167 1168 1171 1179 1191 1196 1206 1217 1231 1236 1240 1245 1261 1267 1287 1289 1295 1297 1299 1313 1321 1335 1343 1355 1370 1376 1377 1389 1392 1397 1407 1419 1430 1436 1440 1441 1451 1462 1469 1476 1478 1483 1492 1499 1503 1507 1516 1529 1530 1532 1540 1546 1557 1560 1572 1590 1602 1614 1616 1629 1653 1655 1660 1686 1706 1713 1716 1726 1727 1760 1781 1816 1819 1826 1827 1837 1842 1852 1854 1855 1880 1883 1905 1911 1914 1939 1948 1952 1955
4 102
4006 4008 4013 4028 4036 4047 4049 4050 4059 4060 4074 4076 4086 4090 4100 4118 4122 4129 4130 4136 4145 4151 4166 4168 4201 4247 4254 4294 4296 4310 4326 4330 4337 4338 4340 4368 4370 4372 4390 4391 4405 4408 4414 4417 4423 4449 4458 4460 4470 4471 4496 4502 4509 4511 4530 4535 4543 4566 4576 4598 4611 4627 4637 4645 4648 4652 4659 4670 4698 4700 4705 4708 4728 4750 4755 4761 4767 4775 4786 4790 4791 4794 4797 4812 4817 4833 4837 4841 4855 4858 4867 4874 4885 4897 4903 4906 4908 4909 4925 4940 4942 4946
66 102
66004 66016 66025 66036 66049 66063 66074 66085 66102 66103 66108 66124 66134 66150 66180 66196 66209 66214 66223 66229 66236 66243 66272 66273 66280 66282 66285 66286 66289 66297 66319 66330 66335 66364 66366 66376 66397 66413 66443 66456 66459 66460 66475 66487 66489 66500 66504 66506 66513 66514 66528 66531 66532 66533 66553 66554 66561 66562 66577 66583 66596 66598 66603 66608 66623 66632 66635 66676 66687 66693 66709 66714 66725 66735 66753 66759 66782 66787 66803 66805 66806 66819 66825 66831 66838 66846 66870 66875 66880 66881 66885 66886 66903 66913 66925 66929 66933 66935 66936 66941 66957 66964
50 102
50004 50006 50027 50036 50087 50102 50114 50137 50146 50150 50152 50153 50156 50159 50162 50169 50202 50209 50216 50224 50227 50228 50257 50259 50267 50270 50286 50295 50302 50312 50315 50318 50338 50352 50356 50369 50381 50389 50390 50397 50402 50411 50435 50436 50452 50459 50465 50467 50470 50473 50480 50497 50500 50507 50509 50514 50526 50527 50536 50546 50551 50552 50556 50570 50578 50594 50610 50612 50624 50638 50639 50655 50659 50660 50687 50688 50697 50700 50704 50705 50735 50741 50742 50771 50772 50775 50776 50780 50781 50793 50830 50831 50834 50855 50862 50886 50924 50935 50936 50942 50946 50957
90 102
90003 90024 90036 90041 90052 90054 90056 90071 90076 90090 90098 90102 90130 90169 90175 90204 90209 90218 90236 90253 90255 90308 90312 90326 90338 90342 90350 90376 90400 90407 90421 90427 90428 90434 90444 90452 90453 90457 90458 90459 90464 90469 90481 90482 90486 90494 90502 90521 90539 90544 90550 90560 90561 90574 90575 90577 90578 90582 90587 90617 90618 90622 90642 90649 90651 90653 90698 90701 90702 90710 90723 90725 90731 90732 90743 90753 90765 90797 90808 90822 90823 90833 90843 90847 90854 90855 90860 90865 90871 90878 90884 90896 90898 90899 90917 90920 90924 90937 90942 90943 90946 90947
31 101
31004 31028 31031 31033 31045 31048 31073 31097 31112 31117 31119 31133 31143 31147 31149 31155 31158 31171 31174 31176 31184 31188 31193 31197 31200 31220 31225 31243 31256 31262 31272 31276 31293 31308 31317 31335 31337 31339 31342 31343 31350 31364 31384 31394 31399 31431 31433 31440 31441 31468 31478 31486 31492 31493 31498 31510 31528 31538 31544 31554 31574 31579 31593 31600 31605 31610 31612 31634 31638 31641 31644 31659 31699 31703 31716 31722 31731 31734 31735 31738 31761 31767 31813 31817 31826 31836 31845 31857 31860 31866 31880 31882 31892 31911 31922 31925 31932 31942 31945 31951 31961
94 101
94000 94004 94006 94010 94016 94020 94043 94044 94066 94072 94073 94074 94094 94116 94123 94127 94132 94138 94154 94173 94176 94186 94198 94206 94209 94216 94226 94246 94258 94268 94269 94299 94307 94317 94319 94323 94334 94340 94348 94349 94371 94380 94386 94388 94400 94402 94415 94419 94428 94444 94447 94454 94483 94493 94505 94524 94537 94538 94539 94541 94556 94557 94578 94589 94596 94600 94603 94618 94650 94664 94665 94669 94673 94709 94711 94719 94722 94734 94740 94741 94756 94760 94762 94776 94799 94806 94812 94833 94834 94840 94841 94850 94858 94874 94880 94881 94886 94908 94923 94949 94954
75 101
75035 75053 75066 75070 75080 75083 75085 75095 75110 75116 75117 75120 75121 75124 75130 75135 75155 75156 75171 75175 75187 75188 75206 75207 75224 75233 75238 75245 75259 75265 75270 75277 75293 75303 75315 75379 75380 75386 75401 75426 75431 75446 75454 75486 75492 75508 75514 75517 75526 75530 75545 75557 75578 75584 75586 75592 75609 75612 75624 75634 75635 75636 75637 75641 75645 75651 75661 75671 75690 75692 75703 75704 75715 75726 75728 75730 75737 75739 75764 75767 75793 75794 75796 75798 75801 75804 75810 75827 75828 75848 75860 75875 75878 75879 75912 75921 75926 75927 75931 75955 75962
76 100
76003 76018 76087 76099 76119 76132 76160 76163 76177 76193 76194 76227 76239 76247 76252 76255 76256 76275 76283 76303 76317 76343 76351 76372 76378 76379 76389 76397 76399 76441 76458 76478 76490 76511 76512 76515 76526 76531 76533 76540 76548 76551 76559 76563 76567 76587 76590 76595 76598 76599 76612 76622 76623 76629 76638 76640 76643 76646 76650 76653 76660 76664 76670 76671 76677 76687 76691 76693 76700 76701 76725 76736 76738 76744 76762 76765 76766 76786 76796 76801 76810 76825 76840 76854 76856 76858 76865 76874 76876 76889 76892 76900 76902 76908 76914 76915 76922 76935 76945 76949
69 100
69040 69053 69055 69081 69088 69089 69098 69106 69110 69118 69125 69126 69136 69160 69168 69177 69180 69185 69206 69215 69219 69223 69229 69237 69239 69256 69264 69268 69271 69272 69282 69284 69285 69299 69304 69305 69312 69317 69332 69337 69340 69360 69402 69406 69420 69421 69424 69434 69490 69493 69498 69501 69508 69517 69524 69525 69541 69550 69552 69560 69562 69578 69579 69585 69588 69614 69625 69637 69645 69650 69651 69667 69708 69714 69720 69722 69736 69737 69767 69786 69787 69790 69797 69798 69800 69808 69813 69816 69819 69839 69867 69878 69884 69890 69896 69903 69923 69935 69936 69941
3 99
3001 3005 3038 3040 3045 3055 3059 3060 3070 3093 3108 3120 3121 3136 3139 3140 3142 3145 3156 3161 3163 3172 3176 3178 3189 3202 3222 3232 3238 3257 3269 3316 3320 3335 3344 3368 3380 3394 3396 3397 3404 3409 3432 3434 3445 3446 3461 3467 3488 3498 3504 3507 3513 3515 3525 3536 3539 3549 3555 3570 3571 3577 3587 3591 3611 3636 3678 3688 3689 3694 3706 3708 3709 3712 3714 3745 3757 3758 3769 3773 3777 3788 3801 3803 3809 3817 3821 3829 3830 3842 3868 3869 3878 3907 3908 3925 3936 3946 3952
92 99
92044 92045 92095 92098 92099 92101 92103 92106 92108 92119 92121 92133 92139 92169 92176 92178 92189 92194 92202 92218 92220 92226 92243 92246 92251 92252 92253 92256 92259 92270 92271 92277 92285 92303 92320 92342 92343 92354 92371 92382 92384 92386 92388 92416 92418 92441 92454 92486 92489 92503 92541 92548 92550 92560 92571 92581 92586 92594 92595 92612 92616 92636 92640 92651 92656 92663 92669 92670 92676 92688 92694 92713 92731 92733 92739 92752 92763 92768 92779 92785 92799 92803 92804 92806 92809 92813 92814 92835 92847 92869 92875 92882 92888 92890 92899 92902 92924 92937 92949
40 99
40001 40003 40006 40010 40018 40030 40060 40071 40084 40087 40088 40090 40113 40126 40131 40137 40139 40142 40167 40183 40203 40224 40226 40238 40249 40253 40256 40260 40277 40279 40293 40312 40316 40348 40358 40386 40393 40402 40417 40418 40427 40434 40445 40453 40467 40490 40501 40530 40546 40555 40556 40559 40568 40574 40575 40590 40600 40604 40618 40626 40633 40650 40652 40653 40667 40672 40678 40686 40692 40701 40706 40710 40735 40736 40746 40759 40766 40770 40778 40781 40787 40793 40798 40799 40805 40809 40819 40835 40838 40839 40842 40843 40846 40862 40870 40887 40898 40921 40946
21 99
21022 21035 21070 21075 21077 21095 21100 21106 21127 21139 21144 21145 21156 21189 21211 21213 21224 21237 21244 21246 21254 21277 21280 21297 21310 21321 21323 21340 21341 21343 21372 21376 21392 21394 21399 21400 21403 21408 21423 21427 21437 21440 21489 21492 21499 21501 21515 21528 21559 21568 21578 21587 21591 21601 21608 21611 21619 21629 21636 21637 21643 21644 21650 21660 21680 21686 21696 21704 21727 21734 21748 21756 21760 21771 21782 21795 21797 21800 21813 21831 21834 21855 21858 21862 21866 21871 21872 21876 21889 21893 21896 21905 21911 21933 21938 21939 21940 21959 21960
99 99
99000 99021 99028 99041 99064 99065 99098 99108 99115 99121 99142 99172 99176 99188 99193 99196 99198 99200 99203 99207 99208 99214 99223 99224 99229 99230 99246 99247 99255 99257 99267 99283 99311 99313 99323 99341 99345 99349 99357 99377 99391 99415 99418 99437 99445 99448 99453 99470 99472 99481 99488 99499 99511 99523 99524 99527 99538 99539 99544 99547 99548 99559 99562 99571 99580 99582 99599 99610 99614 99618 99632 99638 99639 99645 99646 99657 99665 99666 99682 99689 99738 99742 99774 99787 99791 99804 99810 99822 99825 99826 99828 99829 99848 99863 99871 99901 99941 99944 99946
62 99
62002 62008 62019 62025 62030 62040 62044 62046 62062 62079 62085 62092 62095 62107 62121 62124 62138 62145 62159 62160 62187 62193 62205 62210 62213 62214 62233 62234 62235 62241 62264 62270 62288 62297 62302 62311 62313 62316 62319 62355 62360 62375 62377 62408 62422 62434 62438 62455 62462 62466 62485 62488 62516 62527 62531 62533 62542 62546 62570 62579 62589 62597 62598 62615 62616 62627 62634 62635 62640 62660 62671 62673 62677 62682 62687 62702 62714 62718 62725 62732 62747 62762 62771 62775 62776 62791 62792 62809 62814 62829 62835 62849 62867 62877 62879 62892 62899 62903 62910
28 98
28005 28006 28025 28026 28041 28043 28048 28055 28071 28080 28100 28116 28122 28129 28130 28148 28173 28176 28189 28190 28203 28208 28212 28213 28238 28256 28258 28263 28274 28275 28279 28285 28292 28325 28328 28329 28330 28335 28342 28345 28365 28395 28427 28428 28454 28469 28478 28481 28489 28495 28519 28529 28536 28556 28563 28571 28588 28589 28595 28605 28633 28641 28661 28662 28665 28675 28687 28688 28696 28697 28709 28719 28724 28733 28736 28738 28761 28762 28786 28787 28795 28806 28807 28810 28828 28833 28835 28844 28855 28875 28892 28893 28895 28907 28918 28923 28926 28933
78 98
78011 78013 78018 78022 78026 78031 78042 78055 78063 78069 78075 78077 78082 78084 78099 78102 78120 78137 78145 78156 78158 78181 78182 78203 78205 78212 78217 78219 78237 78266 78290 78293 78296 78319 78336 78338 78339 78343 78346 78348 78349 78356 78374 78384 78402 78412 78415 78421 78434 78438 78446 78455 78461 78470 78492 78509 78566 78567 78573 78579 78580 78588 78596 78607 78617 78619 78633 78646 78662 78671 78682 78695 78706 78722 78723 78731 78733 78739 78743 78755 78770 78802 78803 78805 78809 78812 78816 78829 78833 78836 78845 78856 78867 78882 78896 78898 78902 78942
24 98
24002 24026 24045 24048 24054 24075 24076 24085 24086 24096 24106 24112 24126 24138 24140 24148 24173 24178 24186 24190 24198 24200 24209 24224 24239 24252 24255 24256 24258 24271 24285 24304 24308 24313 24320 24324 24330 24334 24366 24381 24388 24397 24432 24459 24465 24468 24485 24494 24506 24510 24514 24528 24535 24539 24547 24565 24567 24573 24575 24577 24583 24608 24609 24613 24614 24616 24623 24646 24674 24682 24705 24734 24736 24737 24747 24752 24783 24796 24801 24809 24818 24819 24827 24830 24844 24845 24856 24863 24866 24879 24883 24893 24894 24900 24916 24917 24932 24938
7 98
7005 7023 7026 7036 7047 7054 7058 7061 7079 7103 7105 7156 7165 7172 7177 7178 7180 7184 7194 7213 7227 7229 7231 7243 7245 7246 7254 7261 7272 7289 7293 7296 7304 7317 7320 7323 7324 7334 7343 7347 7350 7366 7369 7372 7380 7398 7404 7407 7413 7430 7433 7441 7442 7448 7464 7490 7501 7503 7516 7532 7542 7556 7560 7562 7564 7581 7591 7596 7604 7608 7652 7659 7678 7691 7695 7702 7705 7731 7735 7755 7761 7768 7773 7777 7783 7784 7797 7803 7810 7812 7834 7869 7871 7872 7874 7888 7915 7919
19 97
19025 19038 19044 19046 19054 19071 19075 19077 19078 19088 19104 19109 19111 19112 19126 19132 19139 19144 19148 19198 19205 19224 19225 19226 19266 19271 19275 19280 19289 19327 19332 19339 19340 19345 19349 19368 19397 19399 19400 19402 19429 19431 19453 19454 19459 19473 19482 19485 19491 19500 19501 19504 19508 19519 19521 19536 19555 19586 19588 19592 19593 19606 19609 19611 19615 19616 19628 19653 19654 19655 19658 19670 19697 19708 19761 19764 19771 19775 19776 19805 19818 19820 19823 19824 19825 19850 19866 19873 19874 19882 19889 19890 19891 19893 19895 19913 19932
18 96
18012 18022 18035 18036 18058 18080 18101 18105 18148 18152 18170 18192 18193 18194 18205 18208 18210 18223 18227 18228 18240 18249 18251 18269 18279 18283 18284 18289 18292 18301 18306 18327 18344 18351 18355 18362 18364 18378 18382 18391 18395 18398 18399 18412 18415 18428 18441 18442 18453 18455 18462 18479 18489 18491 18492 18511 18512 18513 18527 18555 18574 18576 18581 18593 18595 18604 18606 18611 18635 18636 18644 18658 18682 18683 18706 18709 18718 18724 18742 18768 18782 18783 18803 18805 18806 18807 18814 18836 18838 18840 18882 18895 18904 18914 18921 18931
14 96
14007 14014 14024 14029 14039 14063 14071 14083 14097 14118 14142 14148 14168 14176 14191 14203 14206 14236 14250 14255 14266 14273 14275 14281 14292 14306 14313 14324 14333 14338 14340 14346 14358 14372 14385 14386 14388 14389 14423 14429 14432 14449 14455 14498 14504 14519 14523 14524 14530 14540 14545 14555 14558 14573 14578 14580 14586 14587 14597 14607 14609 14611 14622 14627 14634 14638 14648 14672 14690 14713 14724 14728 14738 14739 14754 14769 14783 14807 14809 14831 14838 14841 14849 14869 14873 14876 14877 14879 14880 14887 14895 14896 14911 14915 14923 14929
80 95
80006 80013 80038 80045 80060 80071 80082 80084 80091 80093 80109 80122 80127 80147 80151 80154 80155 80170 80178 80180 80183 80191 80199 80211 80222 80227 80236 80250 80264 80279 80284 80287 80304 80313 80314 80316 80322 80323 80328 80344 80352 80363 80364 80376 80382 80384 80387 80404 80414 80424 80426 80440 80445 80451 80467 80476 80490 80496 80518 80528 80549 80561 80568 80582 80593 80594 80632 80640 80650 80653 80657 80659 80662 80674 80712 80734 80735 80738 80751 80787 80809 80812 80830 80832 80837 80845 80846 80856 80872 80880 80888 80889 80902 80908 80910
10 95
10003 10012 10015 10033 10039 10042 10053 10058 10065 10070 10073 10078 10088 10099 10118 10127 10134 10139 10148 10177 10181 10187 10198 10201 10204 10214 10273 10284 10290 10298 10307 10312 10328 10329 10341 10368 10370 10386 10387 10401 10404 10406 10417 10424 10429 10433 10445 10447 10466 10475 10476 10477 10494 10497 10505 10533 10535 10540 10543 10552 10559 10560 10568 10606 10632 10641 10642 10645 10659 10672 10678 10681 10683 10696 10700 10710 10713 10743 10757 10762 10791 10792 10807 10817 10821 10822 10830 10850 10852 10881 10886 10894 10895 10906 10917
79 95
79004 79005 79014 79026 79027 79040 79044 79058 79072 79082 79083 79097 79101 79120 79129 79144 79145 79159 79162 79181 79192 79193 79196 79204 79211 79215 79217 79229 79232 79235 79236 79245 79268 79273 79287 79292 79305 79308 79316 79325 79338 79345 79348 79370 79371 79382 79414 79418 79429 79435 79442 79451 79459 79469 79472 79474 79492 79504 79529 79532 79542 79544 79547 79563 79572 79594 79628 79629 79633 79636 79648 79658 79659 79673 79678 79714 79719 79727 79730 79734 79760 79771 79781 79800 79804 79817 79822 79826 79843 79857 79864 79885 79886 79904 79938
70 95
70005 70012 70022 70029 70060 70067 70072 70095 70115 70140 70150 70162 70163 70176 70178 70185 70187 70197 70216 70226 70230 70232 70248 70252 70255 70265 70271 70273 70276 70278 70288 70290 70292 70300 70301 70306 70310 70344 70357 70366 70371 70373 70378 70409 70410 70424 70429 70438 70444 70451 70458 70465 70472 70485 70501 70523 70546 70563 70589 70593 70601 70610 70615 70618 70621 70632 70641 70656 70672 70689 70698 70714 70726 70737 70738 70751 70767 70772 70776 70788 70796 70797 70798 70804 70808 70819 70823 70824 70825 70865 70900 70911 70917 70924 70925
30 95
30009 30016 30031 30033 30048 30052 30068 30082 30089 30096 30108 30116 30124 30127 30165 30213 30224 30235 30241 30262 30265 30266 30273 30293 30296 30300 30316 30321 30335 30345 30365 30372 30389 30416 30417 30419 30427 30440 30445 30448 30459 30462 30483 30489 30497 30507 30513 30519 30540 30556 30560 30570 30573 30581 30605 30614 30617 30622 30630 30651 30663 30691 30694 30713 30715 30734 30736 30737 30738 30739 30758 30764 30772 30778 30794 30796 30810 30839 30842 30844 30845 30851 30854 30879 30894 30898 30902 30905 30911 30920 30924 30926 30927 30933 30936
63 95
63012 63020 63023 63043 63045 63046 63053 63083 63098 63111 63125 63136 63138 63146 63160 63173 63180 63212 63221 63228 63236 63247 63256 63265 63275 63282 63286 63289 63292 63305 63310 63314 63322 63323 63329 63349 63356 63385 63388 63407 63419 63447 63454 63455 63469 63492 63493 63505 63513 63524 63528 63529 63535 63541 63546 63566 63569 63572 63573 63590 63606 63615 63619 63621 63635 63639 63640 63644 63653 63680 63686 63701 63706 63715 63759 63762 63784 63790 63798 63811 63825 63826 63827 63831 63848 63851 63859 63884 63885 63888 63901 63909 63911 63916 63925
53 94
53017 53029 53053 53080 53085 53087 53088 53110 53111 53114 53118 53128 53150 53186 53204 53210 53225 53234 53235 53262 53276 53279 53284 53299 53300 53310 53317 53319 53320 53335 53336 53351 53367 53375 53380 53387 53389 53395 53424 53425 53438 53442 53449 53454 53464 53466 53473 53477 53501 53511 53517 53519 53523 53546 53559 53564 53591 53594 53608 53615 53621 53623 53633 53649 53651 53652 53673 53675 53695 53703 53709 53717 53723 53724 53732 53733 53744 53747 53761 53763 53770 53772 53774 53793 53806 53810 53817 53838 53846 53893 53895 53907 53920 53925
20 94
20002 20005 20017 20019 20026 20041 20043 20044 20079 20086 20098 20103 20108 20119 20128 20131 20142 20168 20175 20176 20192 20199 20208 20210 20228 20238 20241 20250 20252 20271 20284 20285 20300 20314 20319 20322 20341 20346 20351 20362 20363 20378 20400 20405 20420 20422 20449 20460 20465 20471 20472 20476 20478 20486 20489 20505 20509 20519 20525 20531 20537 20561 20579 20582 20595 20619 20640 20644 20647 20649 20654 20664 20686 20709 20751 20755 20768 20777 20789 20797 20803 20809 20810 20821 20835 20850 20852 20867 20870 20876 20885 20901 20922 20927
52 93
52002 52008 52009 52011 52040 52051 52055 52078 52081 52084 52103 52113 52116 52118 52137 52159 52169 52177 52189 52191 52199 52200 52203 52205 52206 52208 52210 52214 52234 52236 52255 52257 52259 52260 52270 52272 52315 52320 52323 52336 52342 52374 52382 52385 52393 52412 52418 52426 52429 52440 52454 52460 52471 52475 52490 52500 52512 52519 52522 52523 52528 52579 52612 52635 52643 52645 52647 52691 52716 52720 52722 52734 52739 52762 52770 52794 52803 52823 52824 52826 52828 52833 52839 52864 52866 52868 52869 52874 52889 52905 52919 52926 52937
36 93
36008 36011 36016 36018 36019 36024 36034 36041 36061 36066 36075 36080 36100 36105 36132 36136 36150 36159 36169 36215 36217 36224 36229 36233 36246 36247 36254 36268 36276 36305 36319 36338 36339 36350 36354 36356 36357 36375 36397 36417 36421 36424 36439 36448 36451 36455 36460 36478 36485 36486 36508 36512 36515 36516 36520 36535 36541 36553 36564 36580 36596 36602 36607 36632 36661 36666 36672 36681 36684 36722 36767 36779 36788 36793 36810 36814 36819 36822 36823 36824 36825 36827 36861 36865 36883 36884 36894 36895 36908 36913 36915 36926 36935
9 93
9003 9004 9010 9019 9025 9055 9073 9075 9084 9090 9098 9102 9104 9116 9140 9146 9156 9185 9186 9196 9198 9231 9234 9236 9247 9256 9257 9280 9289 9296 9321 9322 9360 9365 9369 9388 9393 9394 9396 9410 9415 9418 9424 9436 9458 9470 9471 9477 9490 9518 9531 9534 9535 9546 9556 9577 9584 9592 9593 9595 9604 9618 9625 9633 9635 9643 9660 9673 9683 9684 9685 9701 9721 9724 9729 9734 9748 9757 9759 9793 9802 9812 9817 9831 9842 9848 9851 9857 9858 9859 9862 9872 9890
42 92
42001 42012 42021 42025 42029 42040 42057 42058 42060 42073 42076 42080 42083 42086 42088 42096 42128 42141 42160 42163 42165 42190 42195 42196 42198 42207 42217 42227 42230 42244 42251 42276 42279 42282 42291 42293 42295 42302 42335 42350 42371 42388 42399 42406 42409 42455 42458 42487 42492 42493 42494 42507 42519 42526 42527 42530 42535 42544 42547 42576 42612 42624 42626 42627 42630 42632 42640 42641 42647 42652 42659 42661 42680 42681 42689 42712 42713 42729 42731 42734 42739 42744 42747 42771 42791 42809 42836 42868 42871 42873 42915 42928
57 92
57014 57025 57031 57034 57038 57042 57044 57051 57064 57073 57075 57077 57082 57100 57112 57113 57114 57116 57124 57130 57172 57174 57181 57190 57213 57219 57220 57228 57231 57242 57259 57290 57291 57293 57299 57303 57315 57350 57365 57372 57375 57389 57398 57403 57405 57428 57455 57470 57471 57481 57499 57525 57533 57563 57567 57569 57579 57581 57582 57585 57599 57605 57608 57631 57639 57662 57672 57688 57731 57733 57748 57771 57772 57786 57787 57811 57820 57832 57834 57846 57861 57866 57871 57872 57874 57878 57884 57889 57897 57903 57908 57930
68 91
68000 68031 68039 68042 68046 68054 68081 68086 68089 68099 68115 68120 68121 68124 68144 68149 68200 68211 68214 68226 68231 68258 68261 68267 68268 68276 68285 68286 68300 68323 68328 68330 68342 68348 68354 68363 68370 68376 68384 68385 68391 68396 68406 68420 68421 68432 68442 68453 68461 68479 68483 68486 68507 68511 68521 68523 68553 68575 68581 68584 68592 68611 68613 68614 68616 68619 68634 68637 68656 68663 68679 68694 68697 68711 68718 68729 68736 68748 68757 68768 68780 68816 68821 68830 68834 68841 68872 68875 68880 68906 68921
61 91
61024 61030 61053 61073 61089 61099 61112 61117 61135 61146 61168 61175 61178 61181 61199 61206 61224 61227 61252 61284 61288 61289 61290 61298 61319 61325 61327 61357 61361 61389 61392 61394 61397 61403 61409 61421 61425 61440 61451 61472 61479 61497 61509 61554 61555 61559 61564 61565 61568 61572 61578 61579 61598 61601 61602 61609 61611 61617 61620 61629 61633 61638 61643 61646 61650 61672 61682 61684 61696 61706 61738 61752 61754 61757 61777 61780 61783 61827 61828 61829 61834 61836 61845 61855 61869 61878 61884 61894 61912 61926 61929
32 91
32013 32014 32029 32049 32052 32053 32080 32091 32095 32104 32105 32108 32116 32117 32118 32135 32146 32197 32205 32206 32225 32230 32246 32251 32282 32317 32329 32341 32345 32353 32366 32372 32382 32399 32411 32418 32431 32434 32448 32456 32462 32488 32494 32496 32511 32517 32554 32560 32569 32579 32585 32601 32606 32614 32619 32629 32657 32669 32675 32688 32702 32721 32725 32729 32733 32734 32736 32739 32741 32747 32760 32761 32765 32771 32777 32788 32789 32817 32837 32841 32855 32856 32864 32866 32870 32875 32901 32907 32916 32918 32921
97 91
97001 97007 97022 97031 97032 97041 97057 97078 97086 97094 97099 97102 97111 97126 97130 97133 97144 97151 97153 97157 97161 97163 97164 97181 97182 97196 97219 97230 97233 97246 97249 97272 97273 97279 97286 97313 97314 97319 97328 97339 97340 97351 97356 97357 97369 97371 97372 97376 97384 97395 97416 97421 97458 97459 97461 97473 97479 97505 97534 97566 97567 97602 97637 97644 97649 97679 97682 97702 97707 97722 97725 97741 97742 97752 97753 97758 97787 97789 97805 97813 97833 97837 97847 97869 97870 97880 97886 97892 97896 97907 97915
13 91
13026 13041 13078 13079 13089 13102 13120 13150 13153 13167 13181 13188 13193 13200 13208 13220 13227 13238 13244 13272 13284 13286 13306 13333 13347 13361 13364 13381 13392 13394 13422 13423 13431 13450 13458 13459 13469 13475 13485 13533 13539 13556 13561 13565 13579 13583 13587 13589 13591 13595 13596 13608 13612 13620 13621 13636 13642 13648 13649 13668 13675 13678 13683 13699 13726 13733 13747 13754 13757 13761 13788 13791 13804 13812 13820 13833 13838 13840 13843 13844 13855 13863 13869 13876 13892 13899 13903 13909 13913 13916 13920
71 91
71001 71005 71008 71010 71020 71021 71039 71042 71055 71066 71073 71081 71101 71102 71114 71123 71137 71139 71160 71177 71186 71197 71218 71243 71247 71258 71260 71262 71276 71279 71305 71316 71327 71332 71334 71343 71360 71361 71371 71385 71387 71390 71398 71399 71400 71418 71424 71431 71433 71443 71444 71450 71454 71459 71463 71473 71518 71534 71536 71544 71546 71556 71563 71573 71578 71581 71597 71598 71599 71628 71634 71643 71650 71661 71682 71683 71696 71758 71763 71767 71794 71840 71844 71847 71850 71854 71859 71861 71883 71901 71917
84 91
84036 84041 84062 84068 84069 84076 84077 84090 84095 84113 84118 84140 84157 84163 84166 84184 84189 84200 84225 84230 84232 84280 84296 84304 84308 84321 84327 84328 84334 84348 84357 84366 84376 84390 84407 84421 84451 84457 84466 84467 84472 84475 84487 84495 84501 84509 84546 84552 84557 84569 84580 84586 84587 84604 84606 84609 84626 84631 84635 84640 84643 84645 84651 84665 84671 84702 84712 84714 84716 84735 84744 84750 84754 84764 84776 84809 84810 84811 84822 84832 84838 84842 84847 84853 84860 84865 84868 84869 84907 84909 84920
37 91
37014 37019 37020 37037 37046 37055 37056 37057 37058 37062 37075 37095 37107 37115 37119 37125 37142 37171 37173 37199 37215 37218 37220 37221 37225 37228 37247 37249 37261 37265 37271 37273 37290 37292 37309 37316 37323 37335 37337 37358 37363 37368 37384 37386 37399 37427 37503 37505 37506 37507 37513 37517 37519 37548 37553 37554 37572 37574 37575 37595 37601 37611 37630 37643 37677 37679 37687 37704 37719 37727 37739 37759 37769 37770 37775 37788 37808 37810 37820 37834 37841 37845 37849 37850 37870 37875 37904 37908 37910 37914 37929
44 90
44008 44010 44016 44023 44033 44043 44051 44082 44086 44100 44104 44106 44108 44112 44116 44126 44137 44155 44159 44162 44175 44181 44188 44201 44217 44218 44236 44244 44263 44264 44265 44284 44287 44291 44299 44300 44301 44315 44355 44375 44378 44393 44401 44410 44452 44465 44482 44503 44505 44506 44518 44534 44537 44546 44575 44585 44589 44605 44606 44630 44646 44653 44674 44683 44684 44696 44697 44702 44703 44719 44731 44746 44747 44758 44766 44767 44772 44782 44783 44794 44833 44838 44842 44854 44858 44859 44876 44882 44893 44906
72 90
72013 72019 72021 72023 72027 72056 72059 72069 72077 72080 72087 72103 72105 72109 72113 72157 72180 72192 72196 72201 72202 72206 72209 72219 72234 72263 72295 72302 72313 72321 72327 72352 72355 72360 72363 72366 72378 72401 72422 72427 72428 72433 72434 72435 72473 72475 72489 72496 72501 72503 72511 72519 72522 72529 72544 72562 72572 72590 72595 72623 72626 72631 72641 72645 72658 72662 72679 72684 72718 72724 72740 72750 72753 72755 72773 72794 72797 72802 72818 72837 72839 72843 72847 72874 72888 72890 72897 72898 72907 72909
35 89
35000 35016 35018 35019 35042 35049 35059 35068 35071 35073 35081 35083 35099 35103 35106 35108 35119 35137 35149 35166 35216 35227 35236 35246 35276 35292 35296 35314 35320 35329 35335 35342 35366 35368 35385 35391 35396 35440 35441 35443 35449 35451 35463 35467 35470 35477 35488 35490 35499 35519 35523 35528 35535 35553 35565 35572 35578 35582 35589 35604 35608 35614 35626 35627 35656 35680 35681 35685 35702 35708 35718 35721 35740 35753 35758 35767 35779 35794 35800 35816 35832 35836 35838 35853 35876 35896 35898 35902 35907
54 88
54021 54024 54034 54037 54041 54046 54053 54067 54097 54101 54114 54116 54120 54122 54127 54140 54162 54168 54179 54198 54203 54207 54211 54218 54246 54263 54297 54332 54346 54363 54368 54373 54389 54414 54417 54420 54423 54427 54452 54463 54470 54473 54474 54475 54476 54493 54497 54503 54528 54531 54537 54542 54557 54561 54562 54575 54601 54602 54608 54626 54644 54648 54657 54691 54694 54695 54698 54722 54730 54735 54740 54746 54748 54757 54770 54771 54781 54794 54818 54836 54842 54845 54855 54882 54888 54897 54902 54903
60 87
60008 60018 60027 60032 60042 60047 60053 60062 60064 60065 60069 60084 60086 60094 60099 60100 60106 60115 60119 60137 60148 60160 60174 60196 60212 60220 60229 60230 60242 60249 60253 60260 60265 60283 60303 60306 60307 60311 60314 60328 60335 60337 60339 60343 60360 60405 60410 60416 60426 60443 60454 60458 60461 60464 60467 60469 60479 60510 60511 60542 60566 60567 60570 60579 60612 60614 60617 60624 60685 60706 60714 60716 60724 60730 60771 60778 60794 60795 60814 60818 60824 60837 60848 60869 60889 60892 60908
91 87
91003 91007 91022 91026 91029 91031 91037 91049 91054 91064 91072 91073 91101 91109 91137 91174 91178 91185 91194 91224 91231 91233 91252 91253 91266 91273 91298 91301 91310 91319 91320 91338 91340 91349 91361 91373 91383 91386 91388 91409 91425 91427 91442 91450 91457 91488 91489 91504 91518 91520 91530 91535 91544 91583 91585 91614 91631 91658 91659 91667 91691 91695 91705 91711 91717 91727 91747 91754 91755 91767 91770 91772 91778 91790 91816 91821 91833 91859 91860 91861 91871 91872 91877 91884 91886 91888 91898
6 87
6036 6052 6053 6058 6062 6074 6092 6111 6116 6117 6118 6121 6130 6132 6150 6152 6184 6187 6204 6210 6216 6222 6233 6241 6267 6278 6285 6288 6345 6353 6368 6416 6423 6427 6434 6440 6443 6474 6477 6478 6490 6503 6507 6508 6536 6538 6546 6555 6571 6572 6583 6584 6593 6600 6614 6615 6621 6631 6639 6640 6645 6647 6687 6698 6710 6715 6718 6736 6745 6747 6757 6763 6793 6797 6806 6807 6817 6835 6856 6857 6858 6859 6869 6878 6884 6894 6895
74 87
74021 74029 74036 74053 74054 74060 74068 74074 74099 74102 74107 74115 74134 74189 74195 74204 74232 74233 74236 74251 74260 74262 74268 74291 74298 74335 74336 74337 74346 74352 74354 74362 74365 74376 74393 74408 74426 74442 74449 74451 74452 74462 74478 74482 74483 74487 74497 74527 74537 74539 74541 74547 74553 74557 74576 74592 74609 74619 74624 74625 74637 74660 74666 74671 74675 74681 74696 74700 74702 74708 74734 74751 74753 74774 74790 74806 74807 74819 74837 74838 74845 74846 74855 74865 74867 74880 74895
12 86
12017 12018 12020 12021 12022 12030 12040 12048 12056 12062 12066 12069 12080 12081 12092 12105 12140 12154 12188 12192 12201 12203 12214 12265 12270 12273 12274 12297 12306 12338 12339 12349 12350 12357 12363 12366 12368 12404 12423 12426 12435 12450 12453 12454 12460 12472 12481 12482 12492 12495 12503 12511 12530 12542 12553 12563 12601 12609 12624 12633 12636 12640 12648 12671 12674 12681 12683 12701 12713 12731 12738 12753 12776 12782 12784 12804 12817 12821 12831 12835 12839 12849 12853 12855 12883 12890
87 86
87010 87023 87048 87050 87051 87056 87060 87072 87073 87078 87113 87135 87142 87163 87178 87180 87183 87186 87188 87198 87225 87228 87243 87244 87256 87266 87278 87280 87309 87337 87358 87369 87370 87371 87374 87375 87389 87390 87409 87425 87448 87467 87471 87475 87489 87492 87494 87537 87547 87548 87556 87559 87568 87570 87580 87587 87614 87615 87616 87629 87636 87649 87651 87661 87663 87664 87680 87686 87721 87730 87738 87742 87746 87748 87749 87750 87805 87819 87826 87853 87860 87869 87884 87888 87891 87902
64 85
64002 64006 64007 64020 64040 64052 64106 64136 64149 64159 64162 64168 64205 64241 64243 64251 64253 64288 64295 64302 64318 64319 64332 64350 64351 64352 64357 64369 64372 64379 64386 64399 64402 64408 64418 64430 64455 64467 64478 64494 64502 64510 64511 64516 64517 64541 64553 64586 64587 64606 64630 64665 64678 64684 64712 64717 64722 64723 64736 64742 64751 64752 64753 64760 64784 64791 64792 64793 64797 64804 64806 64808 64823 64828 64829 64831 64851 64858 64863 64869 64872 64886 64894 64896 64904
38 84
38018 38040 38057 38067 38069 38076 38102 38107 38110 38116 38130 38155 38168 38184 38206 38218 38235 38240 38254 38264 38286 38292 38297 38313 38349 38361 38373 38382 38407 38410 38414 38456 38475 38492 38496 38498 38507 38509 38511 38516 38521 38524 38530 38533 38536 38542 38546 38573 38575 38576 38583 38603 38606 38620 38626 38628 38630 38632 38637 38641 38653 38662 38666 38672 38685 38698 38700 38701 38704 38753 38758 38764 38781 38782 38797 38802 38839 38849 38862 38864 38866 38868 38882 38897
0 84
5 28 44 45 64 70 76 78 107 117 135 143 148 158 170 173 175 184 188 205 218 219 246 264 289 290 308 317 322 323 330 332 345 357 369 430 444 445 446 459 483 486 492 500 507 546 551 573 581 602 605 610 621 632 636 638 661 671 672 675 680 687 690 698 700 705 717 720 730 753 755 770 793 807 813 818 832 833 851 856 875 884 893 898
17 84
17012 17013 17030 17034 17051 17064 17072 17128 17144 17158 17175 17192 17197 17201 17202 17205 17207 17229 17239 17241 17246 17251 17257 17261 17277 17289 17322 17326 17344 17349 17352 17356 17388 17392 17400 17411 17430 17434 17437 17439 17472 17473 17486 17496 17503 17504 17505 17518 17558 17563 17564 17570 17572 17577 17581 17600 17618 17641 17649 17651 17658 17663 17671 17680 17682 17695 17706 17709 17718 17720 17721 17722 17735 17759 17768 17773 17780 17781 17789 17797 17801 17815 17845 17884
96 84
96005 96010 96013 96021 96025 96035 96039 96069 96074 96079 96086 96105 96111 96164 96165 96169 96172 96175 96176 96187 96193 96199 96218 96220 96221 96223 96237 96240 96280 96285 96291 96297 96309 96317 96344 96353 96354 96378 96391 96396 96403 96408 96410 96413 96418 96448 96456 96462 96485 96491 96502 96521 96529 96535 96542 96548 96591 96600 96613 96620 96631 96641 96652 96653 96654 96664 96665 96681 96684 96686 96687 96689 96729 96751 96771 96802 96803 96846 96850 96856 96858 96863 96867 96883
65 84
65005 65016 65018 65024 65032 65035 65040 65086 65089 65105 65111 65117 65120 65134 65136 65138 65140 65152 65162 65171 65172 65177 65178 65189 65195 65198 65206 65210 65228 65236 65248 65253 65275 65302 65338 65351 65354 65367 65385 65386 65393 65396 65410 65415 65420 65439 65440 65463 65469 65488 65499 65503 65505 65506 65540 65554 65560 65561 65570 65584 65625 65653 65655 65662 65666 65667 65694 65701 65706 65725 65742 65744 65770 65786 65799 65803 65809 65813 65823 65832 65842 65872 65887 65908
5 83
5031 5034 5042 5049 5051 5074 5087 5088 5112 5136 5137 5163 5193 5197 5204 5205 5208 5215 5216 5226 5227 5246 5260 5269 5276 5319 5336 5339 5364 5378 5390 5413 5416 5432 5435 5441 5445 5460 5468 5489 5494 5495 5498 5503 5505 5526 5528 5541 5552 5566 5569 5577 5578 5587 5589 5598 5604 5616 5621 5622 5627 5629 5635 5651 5672 5674 5676 5677 5687 5736 5754 5772 5785 5796 5807 5808 5811 5820 5829 5831 5840 5856 5893
56 82
56017 56029 56063 56068 56076 56115 56125 56128 56143 56146 56174 56188 56189 56192 56195 56226 56229 56238 56241 56244 56250 56253 56266 56272 56276 56277 56302 56321 56323 56324 56326 56328 56340 56346 56356 56362 56364 56405 56413 56444 56450 56468 56474 56480 56491 56506 56510 56511 56519 56538 56546 56596 56627 56633 56647 56659 56668 56672 56685 56696 56703 56722 56732 56752 56765 56789 56795 56799 56803 56804 56829 56837 56848 56851 56861 56865 56868 56869 56885 56886 56890 56904
77 82
77028 77029 77041 77060 77067 77074 77103 77108 77147 77161 77171 77177 77187 77215 77216 77217 77234 77249 77256 77273 77277 77288 77294 77307 77343 77345 77348 77352 77375 77377 77379 77381 77384 77392 77393 77396 77408 77420 77430 77438 77447 77463 77466 77470 77471 77473 77476 77490 77494 77518 77523 77537 77543 77548 77555 77566 77568 77593 77596 77604 77635 77639 77644 77645 77649 77659 77691 77714 77727 77730 77737 77738 77746 77749 77762 77783 77788 77799 77823 77827 77864 77886
89 80
89001 89006 89015 89034 89054 89061 89062 89065 89072 89092 89096 89140 89179 89182 89217 89271 89279 89294 89306 89312 89316 89326 89333 89351 89373 89380 89382 89415 89419 89428 89431 89437 89438 89440 89442 89449 89461 89462 89496 89507 89510 89522 89529 89558 89572 89581 89583 89589 89608 89609 89617 89618 89622 89638 89641 89647 89648 89653 89657 89658 89666 89667 89678 89687 89689 89706 89714 89723 89730 89749 89755 89757 89765 89770 89805 89851 89870 89881 89897 89902
86 80
86008 86009 86014 86041 86045 86056 86079 86101 86103 86119 86121 86139 86140 86141 86155 86158 86171 86187 86191 86195 86207 86229 86230 86256 86274 86285 86304 86312 86319 86327 86347 86377 86388 86409 86424 86442 86444 86452 86456 86459 86486 86492 86493 86494 86509 86515 86518 86558 86560 86584 86591 86593 86619 86636 86647 86654 86667 86674 86678 86687 86695 86701 86713 86716 86740 86745 86773 86783 86789 86795 86813 86830 86835 86860 86869 86877 86880 86886 86887 86889
43 79
43004 43020 43022 43028 43042 43044 43046 43052 43062 43072 43077 43130 43135 43156 43168 43175 43182 43191 43195 43205 43206 43223 43253 43264 43270 43298 43306 43309 43327 43333 43343 43348 43358 43361 43378 43381 43409 43411 43421 43423 43449 43451 43455 43469 43477 43488 43491 43498 43499 43504 43515 43534 43538 43555 43557 43560 43581 43586 43606 43611 43615 43659 43664 43690 43693 43695 43704 43715 43721 43750 43760 43771 43806 43833 43841 43866 43878 43879 43888
23 78
23012 23013 23036 23050 23054 23067 23075 23083 23096 23098 23115 23125 23127 23148 23167 23179 23180 23205 23209 23219 23226 23238 23250 23262 23264 23289 23295 23323 23337 23345 23353 23363 23367 23385 23409 23425 23441 23466 23485 23493 23494 23506 23516 23518 23540 23567 23570 23581 23594 23596 23662 23667 23668 23688 23702 23707 23710 23715 23716 23717 23728 23730 23743 23752 23757 23766 23780 23787 23788 23794 23808 23809 23817 23824 23832 23833 23864 23894
15 78
15022 15039 15062 15066 15067 15070 15095 15105 15123 15124 15149 15151 15169 15201 15216 15217 15219 15222 15226 15245 15264 15265 15297 15306 15321 15342 15348 15359 15360 15365 15387 15390 15393 15406 15407 15410 15412 15431 15438 15439 15445 15458 15478 15483 15491 15499 15502 15503 15508 15517 15554 15560 15583 15592 15599 15606 15613 15627 15637 15641 15648 15667 15668 15670 15696 15718 15754 15762 15765 15775 15797 15818 15851 15858 15872 15873 15884 15885
34 78
34026 34030 34032 34038 34039 34046 34059 34063 34064 34068 34074 34089 34103 34115 34162 34165 34170 34176 34179 34191 34199 34210 34237 34255 34284 34302 34351 34363 34372 34386 34389 34411 34418 34440 34442 34459 34464 34466 34501 34514 34516 34519 34525 34528 34543 34546 34549 34551 34555 34569 34608 34618 34625 34644 34669 34677 34679 34683 34721 34733 34737 34738 34756 34758 34759 34774 34776 34785 34798 34805 34835 34840 34849 34850 34853 34860 34871 34883
11 77
11001 11021 11037 11039 11043 11045 11061 11071 11085 11099 11109 11124 11127 11188 11191 11206 11208 11215 11230 11233 11239 11252 11316 11341 11344 11357 11361 11366 11377 11409 11432 11451 11456 11488 11496 11514 11520 11527 11541 11544 11549 11555 11559 11560 11565 11572 11579 11580 11610 11620 11622 11636 11642 11644 11651 11678 11681 11696 11704 11705 11721 11723 11737 11750 11751 11759 11792 11799 11825 11832 11837 11857 11863 11877 11896 11901 11902
33 75
33001 33005 33021 33027 33048 33061 33064 33070 33084 33088 33111 33129 33167 33171 33175 33209 33212 33230 33257 33263 33271 33283 33290 33302 33314 33316 33317 33333 33344 33347 33352 33356 33363 33367 33377 33389 33395 33396 33419 33423 33427 33436 33441 33443 33460 33462 33480 33495 33530 33534 33542 33550 33555 33557 33576 33599 33610 33620 33646 33655 33688 33689 33692 33708 33719 33737 33743 33746 33751 33758 33801 33819 33844 33864 33889
2 75
2022 2044 2047 2053 2066 2075 2077 2081 2083 2100 2111 2116 2121 2131 2136 2146 2147 2150 2155 2167 2174 2189 2196 2197 2212 2214 2252 2259 2275 2278 2293 2315 2319 2322 2336 2337 2343 2364 2408 2416 2418 2430 2441 2449 2477 2492 2502 2504 2507 2531 2569 2574 2580 2594 2598 2621 2627 2629 2663 2664 2665 2673 2725 2732 2762 2791 2793 2801 2821 2854 2871 2873 2879 2887 2891
22 74
22007 22014 22018 22042 22051 22066 22067 22069 22086 22094 22142 22143 22154 22155 22166 22179 22180 22190 22194 22196 22212 22214 22238 22272 22279 22284 22295 22304 22305 22312 22322 22327 22333 22341 22390 22391 22401 22434 22443 22503 22510 22523 22526 22541 22554 22574 22581 22586 22590 22598 22610 22614 22639 22641 22648 22653 22657 22671 22692 22696 22700 22714 22727 22744 22755 22763 22764 22795 22839 22851 22852 22863 22896 22898
27 71
27001 27003 27013 27015 27020 27026 27045 27048 27064 27077 27088 27094 27103 27109 27117 27152 27197 27228 27261 27273 27296 27301 27318 27321 27333 27344 27382 27384 27408 27421 27422 27432 27452 27455 27466 27476 27483 27489 27494 27523 27538 27539 27589 27595 27622 27630 27639 27652 27653 27658 27663 27668 27669 27672 27675 27686 27703 27705 27718 27721 27728 27763 27774 27781 27792 27797 27813 27819 27839 27861 27888
58 70
58016 58038 58045 58078 58098 58119 58129 58131 58134 58154 58172 58174 58189 58192 58198 58210 58211 58231 58252 58274 58277 58278 58298 58315 58352 58356 58358 58369 58384 58388 58408 58438 58447 58457 58470 58509 58513 58517 58526 58529 58531 58534 58538 58544 58545 58560 58567 58578 58599 58609 58611 58615 58640 58646 58647 58649 58661 58676 58700 58718 58731 58743 58781 58792 58804 58812 58818 58834 58849 58878
88 69
88000 88005 88019 88028 88051 88062 88091 88102 88122 88138 88147 88171 88185 88188 88192 88231 88238 88242 88254 88276 88293 88303 88310 88366 88370 88373 88384 88413 88430 88442 88451 88456 88469 88498 88507 88516 88521 88524 88554 88570 88589 88598 88615 88619 88626 88628 88642 88652 88662 88666 88672 88673 88678 88687 88690 88696 88702 88706 88709 88715 88730 88735 88790 88794 88801 88805 88822 88881 88898
45 66
45071 45093 45113 45127 45135 45137 45143 45149 45150 45157 45160 45165 45174 45183 45187 45196 45203 45229 45246 45247 45262 45274 45310 45314 45327 45344 45350 45421 45432 45450 45468 45474 45476 45484 45501 45509 45516 45520 45524 45538 45546 45563 45570 45577 45585 45591 45592 45599 45629 45640 45666 45715 45730 45731 45747 45764 45775 45780 45783 45791 45806 45818 45830 45843 45863 45877
85 62
85017 85022 85023 85027 85050 85060 85082 85085 85096 85102 85150 85170 85181 85194 85199 85209 85228 85247 85282 85292 85313 85315 85328 85349 85356 85370 85405 85414 85424 85437 85461 85475 85493 85502 85515 85534 85539 85577 85582 85611 85618 85645 85657 85671 85672 85688 85710 85729 85743 85754 85760 85765 85777 85780 85786 85798 85801 85810 85811 85815 85863 85865