100
414 3
134 4391 78367
893 3
76865 9114 95123
6633 3
78792 27148 38820
8672 2
28272 36779
5704 2
14655 22302
8952 2
43254 56958
6395 2
45325 70094
648 2
80350 74407
1843 2
54642 62212
4715 2
76954 62958
6622 2
18793 47299
1631 2
73956 36725
2034 2
14533 58484
3828 1
10787
7309 1
96155
8298 1
76928
6699 2
75064 5030
214 1
8955
5657 2
69904 80503
8674 1
47072
3128 1
67020
7046 1
78957
8131 2
30581 50100
3536 2
7099 82930
163 1
4420
5111 2
40096 34937
8725 1
72158
3682 1
4708
1215 1
38005
2320 1
26836
9931 1
66129
782 1
83412
3364 1
89773
4176 1
75553
2683 1
95691
9871 1
17117
9117 1
95321
6305 1
18495
3240 1
60493
8681 1
97591
2380 1
6118
24 1
62132
2347 1
58160
5274 1
13901
1658 1
90179
3381 1
66851
2921 1
97920
466 1
74399
2068 1
15451
3616 1
37257
3459 0

2587 0

3677 0

9454 0

1309 0

5301 0

8460 0

2315 0

5446 0

9279 0

9772 0

9746 0

8533 0

1337 0

6905 0

3014 0

9506 0

4495 0

9697 0

6661 0

9737 0

5805 0

2674 0

4851 0

132 0

5166 0

830 0

791 0

3354 0

7214 0

6519 0

5960 0

2238 0

3132 0

3185 0

8220 0

2976 0

3186 0

8144 0

3557 0

6180 0

8636 0

2705 0

2264 0

9853 0

9003 0

5036 0

9330 0

6241 0

1993 0