100
18106 12
68702 29392 47339 57703 29865 19613 54262 19717 23266 41565 32899 68703
29884 11
78542 209 45017 28068 51206 15295 71722 75098 19641 14983 31523
16856 11
66775 57714 66776 19148 3006 618 20380 37571 66777 62187 19312
22489 11
73844 11637 11118 66045 17898 15045 48430 29080 31463 17137 69989
26030 11
76476 56213 30154 68274 61075 21032 43107 6785 29507 6283 47522
19140 11
70146 28459 665 63303 60202 53630 29493 55258 70147 54745 15933
17723 10
68135 58215 17909 65596 68138 44828 18170 64644 68139 19776
10354 10
51016 51017 12076 23970 51018 51019 51020 12835 45568 33609
11997 10
55974 44276 55976 55977 40211 18336 7341 29463 55978 50260
24377 10
75364 69257 33995 67164 49176 26338 2262 55641 65808 73899
26926 10
77007 35070 64890 60787 67115 42621 40971 16273 6935 14452
2595 10
16417 16422 6398 16423 16424 12494 16425 16426 16427 16428
16600 10
66351 66352 31268 60584 66353 66354 56452 66355 40784 66356
25577 10
76186 32524 28181 74047 52515 37631 46386 39819 21629 19516
17528 10
67807 11877 67137 67808 55883 56818 67809 56533 21238 46198
28020 9
77597 3636 43009 40832 49012 51550 32410 39715 16659
17373 9
67589 52671 41734 11995 7340 41803 67590 6374 6115
28173 9
77675 7503 46236 76868 54482 46164 76138 19892 35977
9277 9
47403 6438 38733 47311 47407 3404 47408 47409 12973
5305 9
30751 30756 14522 19256 533 7813 30757 30758 24900
7896 9
42174 42175 42176 42177 42178 19437 42179 11936 32537
22245 9
73638 9514 10132 46179 10378 73639 12454 54910 54387
22753 9
74097 1986 48964 73589 8932 46882 22762 74098 1141
8626 9
45026 30888 40221 45027 21311 5244 45028 41741 45029
7224 8
39436 39437 39438 39439 39440 20985 39441 38209
6564 8
36562 36563 19193 36564 24169 36565 36566 12060
13541 8
59934 57201 47217 59434 9718 7997 41445 59937
27871 8
77520 47424 61044 31923 65912 42577 6605 11423
5436 8
31395 31396 31397 8022 31398 31399 26568 31400
6845 8
37805 14394 11554 37811 37812 37813 37814 20536
22861 8
74192 73034 47580 25635 37614 51829 33336 59644
8845 8
45836 42376 36257 24848 3209 45839 19337 45840
953 8
6341 6348 6349 6350 6351 1354 6352 6353
2912 8
18224 18225 18226 15824 18227 18228 18229 18230
24438 8
75407 10432 34262 37043 69331 10435 73173 28367
5104 8
29770 26565 29771 29772 29773 29774 12129 29775
24637 8
75547 74782 55946 16283 64849 29418 22386 42977
701 8
4692 4699 4700 4701 4632 4702 4703 4704
26374 8
76683 67955 5513 18705 53171 43334 57722 71525
3614 8
22120 22121 22122 22123 8189 22124 22125 2676
6591 8
36674 1747 36680 36681 36682 30891 20630 3828
3774 8
22996 22997 22998 2642 21067 22999 23000 23001
15579 8
64418 44210 52916 64422 51396 10161 1720 64255
11121 8
53461 31231 19553 25322 53465 26909 53466 28033
14605 8
62364 7236 44254 62368 62369 13293 62370 48770
15917 7
65061 14271 63445 7987 28775 50525 17960
22614 7
73965 25899 6199 44465 71418 60490 40423
5607 7
32192 32197 13570 32198 32199 30535 32200
18503 7
69265 37106 15954 707 22075 16274 10522
10653 7
52018 19397 52022 52023 52024 52025 3037
2297 7
14646 951 14653 10897 14654 14655 4239
10912 7
52822 52823 37232 32700 39850 36333 52824
22073 7
73465 29553 47761 30339 16891 58743 41926
6454 7
36058 7040 2848 31204 36059 36060 14313
6232 7
35078 35079 11176 35080 35081 35082 35083
17875 7
68369 37484 59284 39499 17584 68370 27176
27201 7
77158 71965 19990 75620 11924 53103 40140
26500 7
76759 49085 67958 39277 18793 12131 13103
1712 7
11141 1871 11142 11143 11144 11145 11146
14000 7
61002 44800 1966 44222 31586 61003 350
5562 7
31985 24575 31986 31987 31988 31989 31990
15474 7
64204 7843 43284 48166 39422 42012 64205
10310 7
50875 50876 32423 50877 31552 16916 50878
24954 7
75766 46579 61606 49683 74079 13211 1505
15121 7
63468 42758 30556 35084 12538 62998 12214
3378 7
20832 20833 20834 20835 20836 20837 6133
25672 7
76251 4387 51545 21719 75816 64275 52351
18867 7
69758 5458 36104 12827 25230 43069 65116
29022 7
78110 32455 65837 55272 57826 30711 7271
13713 7
60358 27067 41473 4222 35409 3342 39424
3643 7
22273 22279 22280 22281 22282 11389 22283
14020 7
61053 15249 26193 23747 5582 61054 12890
17427 7
67654 60696 64266 55798 67658 45439 11325
187 7
1269 1276 1277 1278 1279 1280 1281
1760 6
11430 11431 11432 1082 11433 11434
12236 6
56636 36832 38154 53496 40045 32521
2183 6
13957 13965 4109 2414 13966 13967
25537 6
76163 57140 75891 40897 57374 74213
4376 6
26129 26130 26131 26132 26133 26134
27642 6
77401 72325 55478 12301 68944 64076
26466 6
76739 62537 62740 48242 74620 7355
5451 6
31459 11650 31465 31466 31467 16822
19840 6
71007 35310 71008 68924 50414 4172
16147 6
65503 65505 64876 5418 65506 58008
16497 6
66162 47012 66165 37088 34794 66166
15658 6
64573 53136 28496 525 28537 18426
22691 6
74038 64345 74040 43090 11836 71420
278 6
1889 1890 1891 1892 1893 1894
28242 6
77713 58677 47883 32718 13615 6346
25324 5
76024 69765 52712 64462 64603
12085 5
56220 56224 49917 5565 50175
20766 5
72081 67307 11185 68038 42449
27590 5
77371 34766 65838 73563 49959
1469 4
9641 9651 9652 9653
25675 4
76252 12062 71697 9940
9876 4
49445 49446 49447 33959
9074 4
46689 14170 46690 46691
22848 4
74181 11625 1144 46470
11274 4
53925 53926 1503 53927
503 3
3382 232 3393