100
5762 12
32929 28180 32930 32931 32932 32933 32934 14545 7368 28744 20445 32935
5005 10
29270 29275 29276 29277 2237 29278 29279 10756 29280 29281
27318 10
77223 68243 53421 11583 68580 62179 24301 31522 59474 4731
11888 9
55670 27996 55671 50335 43425 5446 55672 55674 55675
7930 9
42306 33569 42307 42308 42309 37468 27068 6990 40655
4473 9
26642 26647 15093 11773 212 7785 12120 18636 26648
21436 9
72804 29805 72265 28675 35076 47607 59905 29523 46500
1878 9
12144 12145 12146 12147 12148 12149 12150 12151 12152
26862 9
76964 56152 64371 23110 30911 46234 33359 69997 4623
23742 9
74903 45258 28220 56294 20976 72473 69298 28588 43288
5412 8
31273 31274 31275 25988 7820 31276 31277 31278
12554 8
57487 57488 49027 34688 57489 57490 20164 16606
10919 8
52839 29617 52840 52841 44207 21978 52842 26431
12917 8
58370 53008 16569 38911 12815 47301 58374 23312
23465 8
74678 74680 70373 42094 66833 74681 74682 31512
18770 8
69634 37667 66910 13321 32057 28367 69635 53052
11778 8
55374 28705 46413 46836 27755 55375 52708 55376
27639 8
77399 21560 39776 517 73709 39947 53752 73792
20672 8
71960 47957 60129 50439 56298 18539 54933 48520
7871 8
18173 42074 3515 42075 42076 42077 1969 42078
9030 8
40941 46532 44161 34769 36406 46533 43559 46534
22772 8
74115 43132 17043 25674 55771 50214 45695 3547
23807 8
74948 46866 50407 48113 69092 52932 45125 35644
27153 8
77129 66444 58446 40711 68291 77017 53812 8684
20221 8
71453 19070 1648 67785 59993 56124 53833 66821
838 8
5589 5590 5591 5592 5593 5594 5595 5596
534 8
3588 3589 3590 3591 3592 3593 3594 3596
281 8
1903 1910 1911 1912 1913 1914 1915 1916
14105 7
61238 20005 46364 17287 40213 61240 26478
13339 7
59433 36134 14415 30683 59434 59435 21501
25170 7
75920 75884 44522 56224 24033 38462 21383
5228 7
30375 30376 30377 30379 19415 3886 30381
3614 7
22120 22121 22122 8189 22124 22125 2676
5834 7
33277 33278 33279 1779 33280 30207 33281
23356 7
74601 62753 24968 69421 5613 51204 63108
19743 7
70887 13140 70888 70889 54846 50721 70890
12346 7
56925 22724 47291 46314 20225 48495 46691
23115 7
74407 68514 34251 57082 42348 63884 18983
25392 7
76070 27838 76071 62207 35315 43709 38605
3122 7
19416 19417 19418 19419 19420 19421 19424
15516 7
64292 63191 30792 60479 62665 59915 14093
14747 7
62678 30825 26200 36158 12659 62682 22959
19967 7
71153 13014 23109 28304 48260 55826 16742
27927 7
77549 48747 69085 23311 22060 62770 60352
4084 7
24626 24627 24628 24629 24630 18198 24631
18013 7
34926 41178 63762 26563 60618 10350 62017
23840 7
74976 610 64548 6165 15088 72434 48717
29626 7
78413 57805 64906 21014 53475 21245 1556
13126 6
58905 48310 52233 36242 4383 15089
29287 6
78242 19042 34232 15165 15445 10903
29460 6
78330 76572 37447 30577 10762 60390
23579 6
74762 50829 20004 60075 20151 59941
12264 6
56707 20057 28030 30468 43224 56708
16033 6
65270 65273 33050 65274 32619 65275
25386 6
76067 66700 30796 49977 46523 72318
7777 6
41686 41690 41691 37679 41692 41693
15424 6
64109 33649 54212 54986 27915 58793
766 6
5117 5118 5119 5120 2460 5121
5480 6
31599 9243 31600 24003 14355 31601
8919 6
46120 11801 46125 41630 46127 46128
26937 6
77012 51596 57774 58942 69386 65216
24209 6
42994 74870 12780 15051 15525 73375
27183 6
28018 65787 70497 39897 64394 62759
16950 6
66922 4127 66613 66923 1996 4140
12669 6
26391 54811 57758 57759 57760 23846
16751 6
66626 37260 59014 66627 55266 16726
3140 6
19520 19521 19522 19523 13899 19524
29368 6
78284 69528 70895 11944 58876 12450
13608 6
60104 41759 23572 36752 47212 48431
21035 6
72365 72368 71867 15413 72369 27228
9130 6
46880 46881 46882 32880 46883 46884
8282 6
43694 43695 19918 43696 28621 43697
16063 6
65331 44851 1589 65335 45198 65336
13105 6
58853 22305 44468 38255 46506 58857
6412 5
35875 18322 35876 35877 10331
1253 5
8269 8279 8280 8281 8282
19102 5
70089 11205 69902 21751 40575
14531 5
62194 13387 62199 7761 20300
1002 5
6671 6672 6673 6674 6675
10062 5
50066 42436 42884 44434 22793
20749 5
72060 11777 64962 50255 24440
17543 5
28169 18481 67836 67837 36569
4879 5
28636 28644 28645 28646 28647
16762 5
66639 52332 5754 66640 53612
25998 5
76458 29837 21583 55724 37784
1063 5
7058 7066 611 7067 7068
27040 5
77072 13106 37383 48554 71913
18678 5
69503 59715 6866 4993 21486
17141 4
41457 67236 40744 67238
9564 4
48400 2120 22371 32174
15333 4
63909 63912 12898 13787
683 4
4569 4580 4581 4582
2411 4
15341 15342 15344 15345
15322 4
63887 19353 50307 63888
16267 4
65743 49291 16987 44026
12479 3
57284 48304 57289
28585 3
327 53353 2704
5042 3
24910 29457 29458
11234 3
53810 53811 28951
12098 3
41141 1798 15235